3 0.5318613848693059 0.8216122385776143 0.05248956885536227 0.07972407726654035
3 0.6332482810912095 0.7953535493719512 0.11179133834364532 0.07595956792276391
3 0.6766087244253646 0.8680975166488036 0.089473487565758 0.07292145997939106
3 0.8467027588474413 0.9032448916388385 0.13442805475848874 0.059315914001234135
3 0.38551992145467184 0.7878820625472411 0.06396733069180414 0.11657218442932729
3 0.26309046186595825 0.7921337891778346 0.1372974952175992 0.10013229243248951
3 0.5884531467169566 0.821895719890061 0.07448861237520923 0.09843156025973758
3 0.49551513905390665 0.8329501416587685 0.027621084876404824 0.044576754177148285
3 0.44466228731393476 0.7924172185896386 0.02411397152229794 0.1177059539771855
3 0.857861713425843 0.8094240472610484 0.03367877305266625 0.033805813720887715
