4 0.5366092180763409 0.896690098578307 0.06835795533032153 0.028017510758470757
0 0.15170072931501763 0.7774338066885742 0.01994556250778234 0.06892063005212944
0 0.18027750575042223 0.7825093221924765 0.022709837210399517 0.07151857060599474
3 0.07519718227640598 0.9232505235451064 0.143068457855084 0.07051419070534998
0 0.26316879969755874 0.7872611558206913 0.018750212798452844 0.06307738519302417
0 0.341614844163437 0.786198714505224 0.015462932698294138 0.055640417568729686
0 0.36014303825605476 0.7861987550332163 0.01725600286195679 0.051390733362844936
0 0.37448746276635075 0.7832770920756715 0.015462932698294138 0.04554740744775527
3 0.46608251363369296 0.935696621822083 0.014566443216131238 0.060496091511954245
0 0.3193510910298278 0.7822146912881964 0.014566420416296983 0.046609889291214776
