3 0.48949816341408703 0.8125354421407054 0.03506547218483623 0.08146819067871697
3 0.4630288946837147 0.8599836080099238 0.030579155450874813 0.04239323055112531
3 0.4529346820323016 0.7870171008328903 0.036411367205024685 0.03521619705830235
3 0.4912926901076717 0.7503344852029064 0.026990102063705675 0.03521619705830235
3 0.5572415460969045 0.8165226829700514 0.026092838716913393 0.04319067871699455
3 0.6023290292732167 0.8069533049796208 0.020260626962763578 0.052760056707425125
3 0.6200499803723643 0.8504142300194935 0.0314764187976671 0.03920343788764845
3 0.6317144038806641 0.7949915824915826 0.06108610924181253 0.09103756866914765
3 0.6866717838716914 0.8763312954102429 0.040897683938986046 0.06392433102959419
3 0.609282820210857 0.9010521885521887 0.03327094549125166 0.036811093390040725
3 0.5635223895244506 0.8870968456494772 0.0234010486765366 0.04079833421938683
3 0.5475959651188874 0.7092659046606417 0.026541470390309505 0.07588605351763249
