3 0.4116605680798565 0.9046407052986 0.038205893898609254 0.07748094984937086
3 0.46975836978465685 0.8819134325713271 0.017120205248990553 0.04478557504873293
3 0.5168646954912517 0.8906853623958887 0.016222941902198272 0.028836611731348525
3 0.521126696388515 0.9205896686159843 0.04179494728577833 0.029634059897217766
3 0.6743344128532976 0.8663631933368777 0.05659979250785104 0.03920343788764845
3 0.7243568444369674 0.8759325713273081 0.04358947397936296 0.04239323055112531
3 0.8071293881785555 0.8260920609604819 0.06557242597577388 0.036811093390040725
3 0.8504223446612832 0.8412435761119972 0.03461684051144012 0.033621300726563864
3 0.8867615102063706 0.7838273081694135 0.04897305406011666 0.017672337409179464
3 0.9531589978689998 0.7882132730816942 0.03282231381785555 0.03282385256069462
