3 0.45091583950201886 0.849616781853624 0.04134631561238222 0.055152401205032744
3 0.49667627018842536 0.8205099237993975 0.04403810565275907 0.022457026404394804
3 0.5395205949977568 0.7945928584086478 0.03013052377747864 0.03122895622895625
3 0.6043478718034995 0.8328703703703705 0.04134631561238227 0.04717791954634065
3 0.59380502747869 0.8958687754740386 0.026541470390309505 0.03920343788764845
3 0.6476408282862273 0.8843057770689349 0.031925050471063206 0.04638047138047141
3 0.49443311182144467 0.902647084883927 0.043140842305966785 0.030431508063087007
3 0.5471473334454913 0.9361399078504342 0.10370611821444592 0.033621300726563864
3 0.4085201463660836 0.8998560163033849 0.06602105764917006 0.03601364522417159
3 0.3726296124943922 0.9429182172603225 0.03461684051144012 0.06312688286372505
