3 0.49331153263795424 0.8205099237993975 0.01577431022880216 0.028836611731348525
3 0.5312209090399282 0.80256734006734 0.01891473194257518 0.021659578238525563
3 0.7239082127635712 0.9552786638312954 0.045384000672947525 0.04638047138047141
3 0.672764201996411 0.9034445330497961 0.0579456875280395 0.05913964203437884
3 0.5973940808658592 0.8264907850434166 0.02743873373710185 0.037608541555909966
3 0.5724950229923732 0.8029660641502747 0.026092838716913393 0.033621300726563864
3 0.44396204856437865 0.7985800992379939 0.019363363615971296 0.026444267233740906
3 0.4706556331314491 0.8101430976430977 0.018914731942575123 0.017672337409179464
3 0.39124782694033206 0.824098440545809 0.02250378532974426 0.03601364522417159
3 0.2034954716240467 0.8057571327308171 0.01846610026917901 0.016874889243310327
