3 0.13126577220726784 0.8747363990785042 0.029233260430686418 0.025646819067871664
3 0.1557161984073576 0.917001151869573 0.02340104867653657 0.030431508063087007
3 0.2380401104755496 0.9329501151869574 0.10460338156123826 0.024051922736133286
3 0.33718771029609695 0.8683568137515506 0.04807579071332438 0.02086213007265643
3 0.22480547611036344 0.8428384724437357 0.01801746859578287 0.017672337409179464
3 0.2200948435397039 0.8874955697324118 0.05166484410049348 0.04000088605351769
3 0.27213611765365636 0.8492180577706894 0.04269221063257064 0.036811093390040725
3 0.42893288750560793 0.8085482013113593 0.014428415208613703 0.04319067871699455
3 0.4338678359129655 0.8540027467659047 0.03416820883804395 0.04159578238525607
3 0.4538319453790938 0.8233009923799398 0.024746943696724998 0.018469785575048706
3 0.4699826856213549 0.8974636718057772 0.00680167676087932 0.06472177919546343
3 0.4601127888066398 0.8536040226829701 0.02295241700314043 0.024849370902002527
3 0.47760942406908935 0.8153265107212475 0.013082520188425307 0.051962608541555884
3 0.5673357587483177 0.8787236399078504 0.014877046882009876 0.036811093390040725
