3 0.46235594717362044 0.9297603225234804 0.024746943696724998 0.0703039163565479
3 0.5691302854419023 0.8703504341662237 0.041794947285778386 0.06312688286372495
3 0.6009831342530283 0.9373360800992381 0.020260626962763578 0.048772815878079134
3 0.4794039507626739 0.7870171008328903 0.009493466801256172 0.040000886053517586
3 0.25172337651413196 0.8284844054580897 0.05839431920143561 0.032026404394825486
3 0.1817368354643338 0.8548001949317741 0.06826421601615074 0.049570264043948264
3 0.08572965735755946 0.9189947722842459 0.14542886384028714 0.053557504873294366
3 0.3073537040152535 0.8268895091263513 0.03506547218483623 0.024051922736133286
3 0.302643071444594 0.8013711678185363 0.041794947285778386 0.03521619705830235
3 0.3526655030282638 0.7925992379939749 0.023401048676536543 0.024051922736133286
3 0.47289879149842984 0.8432371965266701 0.01353115186182142 0.04398812688286369
