3 0.397528670367878 0.8603823320928584 0.0314764187976671 0.05435495303916361
3 0.30959686238223416 0.8878942938153465 0.04044905226558993 0.050367712209817506
3 0.3780131925751458 0.9102228424596847 0.014877046882009876 0.051962608541555884
3 0.5377260683041722 0.8512116781853625 0.040897683938986046 0.020064681906787188
3 0.5695789171152984 0.828085681375155 0.046281264019739754 0.05674729753677123
3 0.6400140898384927 0.9158049796207692 0.06691832099596234 0.07269626085415562
3 0.587075552377748 0.8835083289030656 0.023849680349932713 0.025646819067871664
3 0.5763083922162404 0.9373360800992379 0.023849680349932713 0.05993709020024808
3 0.41839004318079864 0.8252946127946128 0.024746943696724998 0.03521619705830235
3 0.4354380467698519 0.8599836080099238 0.02743873373710185 0.028039163565479388
3 0.43140036170928664 0.7961877547403863 0.028335997083894133 0.03122895622895625
3 0.5413151216913415 0.7826311359206096 0.026541470390309505 0.03282385256069462
