3 0.25576106157469725 0.8436359206096049 0.0835176929116196 0.02086213007265643
3 0.3149804424629879 0.8815147084883926 0.04044905226558993 0.04239323055112531
3 0.2523963240242261 0.9516901470848841 0.05166484410049348 0.048772815878079134
3 0.3997718287348586 0.8866981215665426 0.02968189210408253 0.06392433102959419
3 0.4264654133019292 0.8771287435761119 0.019363363615971296 0.04797536771220978
3 0.5650926003813369 0.8795210880737196 0.044486737326155185 0.055949849370901986
3 0.6148907161283087 0.9349437356016304 0.037308630551816914 0.04877281587807902
3 0.6601639608568864 0.8436359206096049 0.040820575370121175 0.03840598972177899
3 0.720319159376402 0.8368576111997167 0.048075790713324316 0.03920343788764845
3 0.7824546461417677 0.8767300194931773 0.05211347577388969 0.029634059897217766
3 0.5357072257738897 0.8069533049796209 0.02519557537012111 0.03840598972177921
3 0.5563442827501123 0.8380537834485202 0.03596273553162858 0.019267233740917947
3 0.587299868214446 0.7941941343257134 0.027887365410497963 0.019267233740917947
3 0.7028225241139524 0.8851032252348041 0.02743873373710185 0.03840598972177921
