3 0.2067636270105876 0.9855511594788765 0.04180240125767772 0.02889768104224686
3 0.29225344654959956 0.9762386590776594 0.05504948398028346 0.04752268184468099
3 0.28562991929068954 0.9458189277807973 0.04180242946246344 0.028315715591856534
3 0.485106207188896 0.9850033476368727 0.08770509768031812 0.02999330472625464
3 0.5482608684697272 0.8962434355676193 0.024242355525309973 0.057348790327374125
3 0.5474906803866779 0.9439016114098544 0.012843729842979813 0.034341395093191646
3 0.4082423841813724 0.9137729129903287 0.0769225773367703 0.029959100965726713
3 0.3046533280218081 0.9095445859373812 0.07923308517634678 0.03464952985079237
3 0.4307315828766415 0.9347431783874375 0.02978764203177953 0.036840676914524945
4 0.3624937564006061 0.9356846845405035 0.0741499058787498 0.034341395093191646
4 0.400848668839413 0.8861092424794672 0.05289300247540242 0.02064655041236794
