3 0.4982464810453119 0.7925992379939749 0.03461684051144012 0.25212209817472975
3 0.6209472437191565 0.8843057770689349 0.06557242597577388 0.05754474570264047
3 0.5509607026693585 0.8456295410242779 0.04134631561238222 0.09661970583023212
3 0.6519028291834904 0.8089469253942939 0.08351769291161956 0.08226563884458621
3 0.7371428471287574 0.7894094453304981 0.03057915545087487 0.0703039163565479
3 0.47132858064154337 0.7866183767499557 0.012185256841633022 0.053557504873294366
3 0.44575657525796325 0.736379142300195 0.037308630551816976 0.06312688286372495
3 0.3984259337146703 0.8819134325713274 0.07903137617765814 0.07349370902002476
3 0.2974838072005384 0.8149277866383131 0.07633958613728128 0.06392433102959419
3 0.19788757570659488 0.9018496367180577 0.0476271590399282 0.05435495303916361
3 0.4213061490578735 0.805757132730817 0.08262042956482728 0.029634059897217766
