3 0.4915170059443697 0.7898081694134327 0.03282231381785555 0.24653996101364525
3 0.6420329323687753 0.7838273081694135 0.0736477960969045 0.05754474570264047
3 0.7185246326828174 0.8432371965266701 0.052562107447285795 0.04398812688286369
3 0.830906866868551 0.8524078504341663 0.08531221960520413 0.0862528796739323
3 0.7295161086810229 0.795390306574517 0.05031894908030511 0.04079833421938683
3 0.24791000729026474 0.8946726032252349 0.047178527366532094 0.062329434697855804
3 0.37778887673844785 0.9030458089668616 0.05839431920143561 0.034418748892433106
3 0.42983015085240023 0.7734604820131137 0.04044905226558993 0.0782783980152401
3 0.1902608372588605 0.8942738791423003 0.05480526581426651 0.06153198653198656
3 0.27998717193808886 0.8300793017898281 0.04762715903992824 0.05116516037568664
3 0.337187710296097 0.7750553783448522 0.05704842418124722 0.05754474570264047
3 0.5787758664199193 0.7156454899875953 0.026092838716913393 0.03122895622895625
