4 0.25576106157469725 0.9616582491582493 0.09069579968595787 0.05435495303916361
3 0.1873447313817856 0.9473041821726033 0.08486358793180802 0.055949849370901986
3 0.26899569593988343 0.8878942938153465 0.06063747756841635 0.051962608541555884
3 0.2896327529161059 0.8472244373560163 0.04448673732615524 0.028039163565479388
3 0.3383092894795873 0.824098440545809 0.050318949080305056 0.04398812688286369
3 0.03077227736653208 0.9046407052986 0.058842950874831774 0.028039163565479388
3 0.49959237606550033 0.9245769094453304 0.01577431022880216 0.04558302321460217
3 0.39214509028712435 0.9213871167818535 0.03506547218483623 0.05834219386850971
3 0.10165608176312248 0.8795210880737196 0.06961011103633917 0.027241715399610147
3 0.18196115130103185 0.8472244373560163 0.07140463772992373 0.037608541555909966
