3 0.5630737578510543 0.8416423001949318 0.015325678555405987 0.03601364522417159
4 0.11107734690444147 0.9540824915824916 0.08127453454463887 0.04239323055112531
3 0.23646989961866313 0.8878942938153465 0.05480526581426648 0.037608541555909966
3 0.29008138458950206 0.8759325713273083 0.06602105764917002 0.015279992911571845
3 0.3042132823014806 0.8500155059365586 0.059291582548227896 0.032026404394825486
3 0.3394308686630776 0.8280856813751551 0.04987031740690895 0.024849370902002527
3 0.18263409881112608 0.8763312954102427 0.04942168573351277 0.040000886053517586
3 0.1054694509869897 0.9074317738791423 0.08172316621803502 0.03521619705830235
3 0.024004247981157474 0.9532850434166225 0.04905016262898161 0.03760854155591007
3 0.23983463716913417 0.8472244373560163 0.0579456875280395 0.04717791954634065
3 0.2824546461417677 0.8121367180577708 0.04089768393898611 0.034418748892433106
3 0.3647785582099597 0.8009724437356016 0.07275053275011215 0.03122895622895625
