3 0.23736716296545537 0.933348839269892 0.0826204295648273 0.06631667552720191
3 0.2981567547106326 0.8767300194931775 0.04448673732615524 0.051962608541555884
3 0.3443658170704352 0.8384525075314552 0.04987031740690895 0.053557504873294366
3 0.07133488952445043 0.9305577706893498 0.14371144571556754 0.06392433102959419
3 0.14001408983849262 0.8775274676590465 0.06288063593539707 0.034418748892433106
3 0.1994577865634814 0.8524078504341662 0.054356634140870365 0.040000886053517586
3 0.2532935873710184 0.8264907850434166 0.061534740915208636 0.04398812688286369
3 0.4168198323239122 0.9345450115186957 0.02519557537012111 0.06232943469785571
3 0.3654515057200539 0.9373360800992381 0.03192505047106327 0.05355750487329426
4 0.5700275487886945 0.808946925394294 0.036411367205024685 0.020064681906787188
4 0.13238735139075822 0.8157252348041821 0.03596273553162855 0.01767233740917957
