3 0.3138588632794975 0.8508129541024279 0.04897305406011666 0.04478557504873293
3 0.4430647852175864 0.795390306574517 0.01397978353521759 0.04079833421938683
3 0.26428506336922386 0.846426989190147 0.039551788918797674 0.04239323055112531
3 0.5258373289591746 0.7834285840864789 0.025195575370121168 0.050367712209817506
3 0.5253886972857784 0.8559963671805778 0.021606521982951973 0.07748094984937086
3 0.49847079688200996 0.7311957292220449 0.037757262225213084 0.019267233740917947
4 0.33023391935845675 0.7969852029062555 0.06826421601615074 0.029634059897217766
4 0.23445105708838046 0.901849636718058 0.10370611821444595 0.05754474570264047
3 0.5054245878196502 0.9002547403863195 0.022055153656348143 0.04159578238525607
3 0.21919758019291166 0.8308767499556974 0.041794947285778386 0.033621300726563864
