3 0.4441863644010767 0.9006534644692541 0.024298312023328827 0.04877281587807902
3 0.4823200566397488 0.8882930178982811 0.010839361821444569 0.06073453836611732
3 0.5702518646253926 0.898659844054581 0.018017468595782897 0.04638047138047141
3 0.5455771225886049 0.8500155059365586 0.014428415208613763 0.016077441077441086
3 0.5372774366307762 0.8209086478823321 0.14498023216689096 0.024849370902002527
3 0.44777541778824587 0.8364588871167817 0.019811995289367407 0.05754474570264047
3 0.3632083473530731 0.8284844054580897 0.1369048620457604 0.017672337409179464
3 0.24925590231045314 0.846426989190147 0.05525389748766264 0.04079833421938683
3 0.20147662909376404 0.8715466064150275 0.03416820883804398 0.028836611731348525
3 0.19160673227904892 0.8316741981215666 0.06288063593539707 0.032026404394825486
3 0.25912579912516825 0.8061558568137517 0.06512379430237775 0.04638047138047141
