3 0.44463499607447293 0.8400474038631933 0.01353115186182142 0.03601364522417159
3 0.441718890197398 0.8902866383129542 0.01846610026917901 0.051962608541555884
3 0.5357072257738896 0.8587874357611202 0.009044835127860059 0.024051922736133286
3 0.5193321696949305 0.8225035442140706 0.014877046882009876 0.04079833421938683
3 0.4320733092193809 0.9469054580896686 0.027887365410497963 0.04398812688286369
3 0.2254784236204576 0.9473041821726033 0.07230190107671605 0.04638047138047141
3 0.03970635655002243 0.9600633528265106 0.08045437976671153 0.04638047138047141
3 0.04576288414087034 0.8862993974836081 0.09256743494840736 0.034418748892433106
3 0.1283496663301929 0.8567938153464468 0.04942168573351277 0.018469785575048706
3 0.21112221007178109 0.8185163033847244 0.10639790825482279 0.04877281587807902
4 0.3378606578061912 0.8133328903065746 0.03327094549125166 0.016077441077441086
4 0.47671216072229705 0.8053584086478824 0.037308630551816976 0.008102959418748886
