4 0.681961151301032 0.8484206096048201 0.07544232279048907 0.030431508063087007
4 0.5269589081426649 0.7706694134325713 0.026541470390309505 0.013685096579833468
0 0.8708350858008077 0.6845450115186958 0.015325678555405987 0.051962608541555884
0 0.9044824613055181 0.6602228424596845 0.017120205248990553 0.05116516037568664
0 0.9428404693808884 0.6470649477228425 0.016671573575594442 0.04877281587807902
0 0.8605165573126963 0.6606215665426193 0.017120205248990553 0.04717791954634065
0 0.8252989709510992 0.690525872762715 0.0157743102288021 0.049570264043948264
0 0.7855950678555407 0.6889309764309766 0.01353115186182142 0.04638047138047141
0 0.7564340090847915 0.6925194931773879 0.009942098474652284 0.03601364522417159
0 0.7313106353746075 0.6937156654261918 0.014428415208613763 0.03521619705830235
0 0.7104492625616868 0.6981016303384724 0.013979783535217533 0.034418748892433106
0 0.824401707604307 0.6662037037037037 0.013082520188425307 0.04079833421938683
0 0.7943433854867654 0.6697922204501153 0.013082520188425307 0.03840598972177921
