4 0.7290856953062701 0.8280300140982072 0.06335970986592905 0.03496847911741533
0 0.26369493597051935 0.7781008668242712 0.05315241228070178 0.13369188337273438
0 0.31457211921850087 0.7588101213123029 0.038798345295055846 0.11553592426369187
0 0.23921326754385971 0.7247675421484069 0.019181120414673104 0.07014576676701635
0 0.09750673333613687 0.7057604672647629 0.03018590510366826 0.07525214974573972
0 0.012498756420859502 0.7233491110895636 0.02603917950838567 0.07525220169055359
0 0.330042618503601 0.6992356532271965 0.019978578315016964 0.04858550039401103
0 0.37278584506142853 0.6932782064186859 0.01487490031897926 0.04688337273443661
0 0.2697555371638881 0.6944129408767977 0.018064702716930815 0.040074862096138704
0 0.29160562664317935 0.6907249889569174 0.014555911318156886 0.036103213575526955
0 0.24854342568624155 0.6983845634250024 0.018383662514329154 0.048018107192548225
