0 0.7624303253603656 0.7280255069967354 0.023995011737089202 0.062139092890397915
0 0.7156384535238777 0.7285820070065173 0.021804107522740663 0.05657429658274985
0 0.8042143629190508 0.7310861806292219 0.02618597326144361 0.06492154199176482
0 0.8710375145567415 0.7308079306243308 0.030880751632188938 0.08328543094405504
0 0.9561240684258547 0.727747282465616 0.0372334654902069 0.09831052362782497
0 0.677140800941718 0.7249648333642489 0.018674178862235873 0.0460010511346071
0 0.6524146854597639 0.7221824352104249 0.016796244589935467 0.039323254807394986
0 0.6392691455536605 0.7221824352104249 0.014292370433538676 0.039323254807394986
0 0.6245586413173049 0.7180088125059173 0.014918310317634938 0.03542790758154989
0 0.6131345507124781 0.7182870625108084 0.01523128025968307 0.03709730571581015
0 0.6034318807539247 0.7152264143520933 0.011475469025088003 0.03431490756198606
