3 0.3871140453132472 0.7924172185896386 0.05504020205643231 0.1177059539771855
0 0.2156649778813965 0.684707476672852 0.016302755858440945 0.043442932728647035
0 0.1852444255141081 0.6812116338912951 0.01869395624103299 0.043442932728647035
0 0.2443593824725012 0.6889591773531242 0.016302755858440945 0.043442932728647035
0 0.15705441475370638 0.6803612937552408 0.019702743902439018 0.043442932728647035
0 0.26324986549497853 0.6872584970810156 0.01869395624103299 0.043442932728647035
0 0.2804665082496413 0.6872584970810156 0.01869395624103299 0.043442932728647035
0 0.31155211322333815 0.6906598576252332 0.01869395624103299 0.043442932728647035
0 0.3488548391917743 0.6957618984415597 0.01869395624103299 0.043442932728647035
0 0.3698974025585844 0.6974625787136687 0.01869395624103299 0.043442932728647035
0 0.38615756516021055 0.698312918849723 0.01869395624103299 0.043442932728647035
3 0.12511819979039634 0.8003537351762536 0.25127806624745935 0.09843156025973758
3 0.5560922251427248 0.8289818703903001 0.05057666692820421 0.08029093609014787
