1 0.4687337093636045 0.7246734630674101 0.19086041297711923 0.02983749055177622
4 0.551788064454059 0.7671904698701311 0.05790964251554277 0.025302308559057313
0 0.6195387516906534 0.7170204018429203 0.03335996579462576 0.07688967934721633
0 0.665290366217943 0.7402231552343159 0.04515659326802369 0.12685598544973536
0 0.7316063332249823 0.7841972725912196 0.06237317764377094 0.1885676146815062
0 0.6906371194628768 0.6759206199501827 0.022519876853180302 0.0394746614601787
0 0.7319251696724803 0.6725192594059651 0.020925723805147102 0.04457670227650523
0 0.7751261801881577 0.6648661981814753 0.022519876853180302 0.046277382548614104
0 0.8357032662769759 0.6620317483615081 0.02315754974817672 0.05761528562976841
0 0.9047292409246475 0.6750702798141283 0.028577623408357292 0.08369234853500858
0 0.9297571577220829 0.6866916123070863 0.03527286772178388 0.09162889107194523
0 0.9790158856034794 0.6940612181694511 0.0419682287930416 0.11827286470143608
0 0.9539879688060438 0.8411700876571875 0.09202406238791253 0.19140216830275952
0 0.9527126813949667 0.6421904698701313 0.019331687514945038 0.058749055177626616
