0 0.00527641530251966 0.8113147005945337 0.011594497271705988 0.07683913309764041
0 0.02461520767273136 0.8076046200950155 0.02042133574347266 0.08197611939901027
0 0.04146643540503757 0.8083938966361112 0.01753255384650588 0.07925608348023887
0 0.05799668492216337 0.8087462074438488 0.017853524715134003 0.07512680433051709
0 0.1571781967180228 0.8050361792004573 0.01592767011715616 0.054008117706747835
0 0.16841235343726174 0.8073192493858704 0.012717902658456709 0.0483002854748343
0 0.17788114833938926 0.8073192493858705 0.012396946482933126 0.044875627940587776
0 0.1403269689857166 0.808460784478577 0.014964742818167221 0.056291187892160914
0 0.08094645466358355 0.8087461551877221 0.012396931789828584 0.06599441907661084
0 0.10882746292870953 0.8077314418442416 0.01729933509587897 0.06599441907661084
1 0.4019395168747758 0.8183127589957423 0.15419533071422162 0.017729070523608607
