0 0.30327538145539906 0.740268125105367 0.019926144595437203 0.052122347452037136
0 0.3399391138497653 0.7386759653329066 0.019926144595437203 0.052122347452037136
0 0.4025246991797793 0.7386856180053173 0.020302714316497848 0.05017467383911416
0 0.27421141431924884 0.7511968334464293 0.019926144595437203 0.052122347452037136
0 0.46665322030653983 0.7353109820273972 0.02171116502072318 0.05540907533183717
0 0.5144965301656949 0.734398968177153 0.02171116502072318 0.05540907533183717
0 0.5454824456586527 0.7360684172589559 0.02171116502072318 0.05540907533183717
0 0.5741209433112348 0.7352336927180545 0.02171116502072318 0.05540907533183717
0 0.42565412207948217 0.7358163033435113 0.019613145998386136 0.0487835002359739
0 0.37839276667491933 0.7385987014973353 0.020239143192488266 0.047670500216410075
