0 0.38089693891323684 0.7975192853562867 0.028577594218899452 0.07688957554593022
0 0.32318929328352913 0.7853310940397209 0.025070480864792563 0.07008695825878093
0 0.27005233728161615 0.7748981709382973 0.025070480864792535 0.06185227536109923
0 0.22275887721466262 0.7671506101762536 0.025070480864792563 0.06263755515769676
0 0.2007075261864464 0.7595920484893175 0.025070480864792563 0.06695431617742566
0 0.17517398960108055 0.7587889494719329 0.024592240788274114 0.06704879841476512
0 0.3547008308253753 0.7909128928671078 0.025070480864792563 0.07633747957190692
0 0.13428446305875627 0.7497186373871381 0.025070480864792563 0.06688925583796884
0 0.09219933632513601 0.745892106774893 0.025070480864792563 0.06263755515769708
0 0.049157729438478896 0.7399397258225121 0.025070480864792556 0.06433823542980574
