0 0.6131621978774361 0.8000703057644499 0.0346353115846186 0.08992826270047953
0 0.5831924766857963 0.7844807020030236 0.02634579746532756 0.06895313681027967
0 0.03983204794636986 0.8819864401381211 0.0807057625594064 0.14718442932728648
0 0.6680004030480333 0.7739931909585666 0.025708182949246823 0.0649849174424544
0 0.6920718396924319 0.7552857079653693 0.017737476087996147 0.049111832368581076
0 0.7186938511589851 0.7399796114667112 0.01550565014496653 0.04004162408507243
0 0.7308092858904234 0.7399796114667112 0.01486803562888568 0.04004162408507243
0 0.7448376225490196 0.7368616803342972 0.016780995934959367 0.0440098434528976
0 0.758068941062515 0.7345940893379379 0.015186842886926165 0.0394746614601787
0 0.7717784996525286 0.7320430689297747 0.01646213029800331 0.03437262064385217
0 0.7964875800024659 0.7286417083855569 0.016143323039962947 0.03437262064385217
0 0.7057813690929878 0.7445147675091086 0.017737476087996147 0.044576754177148285
