0 0.22451243389171602 0.8663968363766948 0.0652426472923392 0.11940658234865133
0 0.6157128310785063 0.8097074766728524 0.026983470360323978 0.07972407726654035
0 0.6695945269066086 0.7912834230914588 0.02379516426425757 0.058749055177626616
0 0.5922790673291038 0.8003537870768967 0.024114029901213505 0.06215041572184426
0 0.7360699267321258 0.7564194775132276 0.013911555475848898 0.036640211640211626
0 0.7241139248191655 0.7598208640077666 0.01486803562888568 0.03890780263657108
0 0.7500982633907222 0.7567029588256743 0.015824515781922583 0.0383408919123205
0 0.6947818473330645 0.7728594214107084 0.016780995934959367 0.046844293272864684
0 0.7625325053802009 0.7538684830553858 0.015824515781922583 0.0372071223644623
0 0.7751261801881577 0.7518843474211516 0.013592689838892844 0.03550639019171037
0 0.801030831539933 0.7456485111066453 0.015346275705404132 0.03437262064385217
