4 0.620176395396192 0.9349909579852991 0.09074883335575083 0.04230911128014567
1 0.500456943448111 0.8513741433395189 0.24537975251076047 0.042876073905039405
0 0.7411711347553503 0.8615782249721721 0.053446107387314735 0.1449168902315701
0 0.69653537482066 0.8382957521930213 0.040692999760880026 0.1087154650814319
0 0.7751261801881577 0.8000703057644498 0.03144706386746777 0.06838617418538594
0 0.8306020290642935 0.7788117764127679 0.03017171807747493 0.05988282472548481
0 0.833471469523404 0.8998435310946211 0.07098149902110235 0.19423661812272658
0 0.9098304489478719 0.7595374345959629 0.031128198230511713 0.07575590979935813
0 0.9661034035374823 0.7453651076451631 0.03017171807747493 0.07688967934721633
0 0.6715075164021401 0.8267142793939407 0.03017171807747493 0.083125437810758
0 0.6499867129588115 0.8210054681594859 0.025389317312290775 0.07753625755857887
