4 0.7591257991251683 0.7630936558568138 0.04403810565275907 0.016077441077441086
3 0.5675600745850157 0.7280059365585682 0.024298312023328827 0.030431508063087007
3 0.7445452697397937 0.8121367180577708 0.0687128476895469 0.051962608541555884
3 0.5413151216913415 0.7487395888711679 0.02923326043068636 0.04319067871699455
3 0.549839123485868 0.8077507531454899 0.02474694369672494 0.05754474570264047
3 0.4015663554284433 0.8631734006734005 0.028784628757290244 0.07588605351763249
3 0.42870857166890985 0.7922005139110401 0.024746943696724998 0.0583421938685096
3 0.4500185761552266 0.7435561757930179 0.02070925863615969 0.04558302321460217
3 0.2882868578959175 0.7730617579301791 0.047178527366532094 0.03601364522417159
3 0.23400242541498434 0.805757132730817 0.04717852736653206 0.034418748892433106
