0 0.05965092348755477 0.741372631214283 0.019266859670215856 0.08031780063449681
0 0.07915694188638807 0.7332082253915291 0.021800127889074705 0.06579076329747714
0 0.09207650736864545 0.7363613647980254 0.02129348584159609 0.06488994487651717
0 0.10803597345366267 0.7309559731392768 0.012680435744372758 0.05948448448448447
1 0.47320380505816917 0.7487487521854129 0.16518197263975753 0.036961961961962005
1 0.4243120937174273 0.6915415587248627 0.1469426270046641 0.027952952952952928
0 0.18175351233680667 0.7183433467800076 0.016226968731033627 0.05588093586750809
0 0.1959397215920711 0.7106857028690066 0.01217375504258366 0.0477727452794591
0 0.2476179835211005 0.7012262502828756 0.010147186852669157 0.037862849116206014
0 0.25977758593213995 0.6953703463137207 0.008627222055922791 0.04146646646646643
