0 0.043564796890667896 0.7446947256246724 0.02332007335866583 0.08200700700700704
0 0.0697839190543692 0.7413163128796522 0.020280182419483594 0.07119615495622579
0 0.08523674309190779 0.7381631734731559 0.01977352104484972 0.07029533653526572
0 0.09764965686310892 0.739514504204522 0.019266859670215866 0.06579076329747714
0 0.1179156479967378 0.7273523557890165 0.021293466514440848 0.052277249783963635
0 0.17288715087942166 0.7201451554551377 0.014707023261442518 0.04867363243370322
0 0.18909994765175583 0.7196946775113737 0.014707023261442489 0.04957458832123138
0 0.1994862545787319 0.7151901730068692 0.015213684636076362 0.04957458832123138
0 0.2088592870743284 0.714739763796389 0.016733610778512247 0.04687185812521509
1 0.4791569554153968 0.8379379551212589 0.2746183556848019 0.0883132858199997
1 0.4278586460312435 0.6937938109771147 0.1575822646189572 0.0396646921579783
