0 0.9296058350157022 0.7347842459684568 0.04493536899955142 0.14127680311890847
0 0.837412026132795 0.7260123161438952 0.03371957716464778 0.10299929115718595
0 0.7795385402646927 0.6797603225234804 0.020260626962763578 0.06153198653198656
0 0.7694443276132795 0.7128544214070531 0.026092838716913393 0.08944267233740917
0 0.6797179929340511 0.7004939748360801 0.018914731942575123 0.0583421938685096
0 0.6882419947285778 0.6797603225234805 0.014428415208613763 0.04558302321460217
0 0.641135669021983 0.6921207690944535 0.018914731942575123 0.049570264043948264
0 0.289857068752804 0.7116582491582493 0.017120205248990553 0.04239323055112531
0 0.3210369700538358 0.7036837674995571 0.01128799349484074 0.03282385256069462
0 0.34234697454015256 0.6973041821726031 0.01353115186182142 0.03282385256069462
0 0.3618624523328848 0.6921207690944533 0.012185256841633022 0.032026404394825486
