2 0.5572625698324023 0.6318840579710143 0.0329608938547486 0.010144927536231883
2 0.5865921787709497 0.6076086956521739 0.05027932960893855 0.012318840579710146
2 0.5720670391061453 0.5431159420289855 0.02122905027932961 0.005072463768115942
2 0.5625698324022347 0.5347826086956522 0.01564245810055866 0.004347826086956522
2 0.4069832402234637 0.5826086956521739 0.026256983240223467 0.008695652173913044
2 0.4424581005586592 0.5554347826086956 0.02681564245810056 0.009420289855072463
2 0.42262569832402236 0.5496376811594202 0.019553072625698328 0.007971014492753623
2 0.4427374301675978 0.5380434782608694 0.017318435754189947 0.006521739130434782
2 0.45782122905027933 0.5333333333333333 0.017318435754189947 0.0057971014492753615
2 0.4304469273743017 0.5195652173913043 0.013966480446927377 0.0057971014492753615
