2 0.4589385474860336 0.586231884057971 0.025139664804469275 0.010144927536231883
2 0.5516759776536313 0.5528985507246377 0.019553072625698328 0.0057971014492753615
2 0.5715083798882682 0.5445652173913043 0.029050279329608943 0.006521739130434782
2 0.5648044692737431 0.5163043478260869 0.01564245810055866 0.005072463768115942
2 0.5589385474860336 0.5112318840579709 0.011731843575418994 0.003623188405797101
2 0.452513966480447 0.53731884057971 0.01564245810055866 0.005072463768115942
2 0.4703910614525141 0.5242753623188405 0.014525139664804471 0.003623188405797101
2 0.4553072625698324 0.5213768115942028 0.0111731843575419 0.005072463768115942
2 0.4687150837988827 0.514855072463768 0.01005586592178771 0.003623188405797101
2 0.4804469273743017 0.5119565217391304 0.01340782122905028 0.003623188405797101
