2 0.7734636871508381 0.6094202898550724 0.0664804469273743 0.018840579710144925
2 0.7360335195530727 0.5869565217391304 0.024022346368715086 0.010144927536231883
2 0.6745810055865924 0.5782608695652173 0.021787709497206705 0.010144927536231883
2 0.6086592178770951 0.5865942028985507 0.036312849162011177 0.009420289855072463
2 0.5477653631284917 0.5384057971014493 0.018435754189944135 0.0057971014492753615
2 0.7734636871508381 0.6094202898550724 0.0664804469273743 0.018840579710144925
2 0.7360335195530727 0.5869565217391304 0.024022346368715086 0.010144927536231883
2 0.6745810055865924 0.5782608695652173 0.021787709497206705 0.010144927536231883
2 0.6086592178770951 0.5865942028985507 0.036312849162011177 0.009420289855072463
2 0.5477653631284917 0.5384057971014493 0.018435754189944135 0.0057971014492753615
