2 0.7731843575418995 0.6931159420289854 0.09162011173184359 0.03115942028985507
2 0.6673184357541899 0.706159420289855 0.0888268156424581 0.02971014492753623
2 0.8849162011173186 0.6159420289855072 0.03128491620111732 0.010144927536231883
2 0.8287709497206706 0.6246376811594203 0.020670391061452516 0.007246376811594202
2 0.7659217877094971 0.6094202898550724 0.014525139664804471 0.010144927536231883
2 0.7377094972067041 0.6018115942028985 0.013966480446927377 0.005072463768115942
2 0.48212290502793304 0.6503623188405796 0.02681564245810056 0.007971014492753623
2 0.7731843575418995 0.6931159420289854 0.09162011173184359 0.03115942028985507
2 0.6673184357541899 0.706159420289855 0.0888268156424581 0.02971014492753623
2 0.8849162011173186 0.6159420289855072 0.03128491620111732 0.010144927536231883
2 0.8287709497206706 0.6246376811594203 0.020670391061452516 0.007246376811594202
2 0.7659217877094971 0.6094202898550724 0.014525139664804471 0.010144927536231883
2 0.7377094972067041 0.6018115942028985 0.013966480446927377 0.005072463768115942
2 0.48212290502793304 0.6503623188405796 0.02681564245810056 0.007971014492753623
