2 0.5550279329608939 0.6956521739130436 0.04860335195530727 0.02608695652173913
2 0.5111731843575419 0.6702898550724636 0.05363128491620112 0.02463768115942029
2 0.4360335195530727 0.6927536231884057 0.05195530726256984 0.02608695652173913
2 0.4164804469273743 0.6507246376811593 0.04860335195530727 0.011594202898550723
2 0.5997206703910616 0.5949275362318841 0.10446927374301677 0.02608695652173913
2 0.740782122905028 0.6 0.045810055865921795 0.014492753623188404
2 0.7522346368715085 0.5855072463768116 0.06089385474860336 0.018840579710144925
2 0.5550279329608939 0.6956521739130436 0.04860335195530727 0.02608695652173913
2 0.5111731843575419 0.6702898550724636 0.05363128491620112 0.02463768115942029
2 0.4360335195530727 0.6927536231884057 0.05195530726256984 0.02608695652173913
2 0.4164804469273743 0.6507246376811593 0.04860335195530727 0.011594202898550723
2 0.5997206703910616 0.5949275362318841 0.10446927374301677 0.02608695652173913
2 0.740782122905028 0.6 0.045810055865921795 0.014492753623188404
2 0.7522346368715085 0.5855072463768116 0.06089385474860336 0.018840579710144925
