2 0.02932960893854749 0.6960144927536233 0.017318435754189947 0.007971014492753623
2 0.03519553072625699 0.6898550724637681 0.01340782122905028 0.004347826086956522
2 0.05000000000000001 0.6869565217391304 0.022905027932960897 0.014492753623188404
2 0.11005586592178772 0.6749999999999999 0.02346368715083799 0.007971014492753623
2 0.10139664804469274 0.6833333333333333 0.015083798882681566 0.007246376811594202
2 0.3583798882681564 0.5992753623188405 0.024022346368715086 0.007246376811594202
2 0.02932960893854749 0.6960144927536233 0.017318435754189947 0.007971014492753623
2 0.03519553072625699 0.6898550724637681 0.01340782122905028 0.004347826086956522
2 0.05000000000000001 0.6869565217391304 0.022905027932960897 0.014492753623188404
2 0.11005586592178772 0.6749999999999999 0.02346368715083799 0.007971014492753623
2 0.10139664804469274 0.6833333333333333 0.015083798882681566 0.007246376811594202
2 0.3583798882681564 0.5992753623188405 0.024022346368715086 0.007246376811594202
