2 0.9324022346368717 0.5699275362318841 0.03687150837988827 0.007971014492753623
2 0.9645251396648045 0.5710144927536231 0.019553072625698328 0.010144927536231883
2 0.8092178770949722 0.5528985507246377 0.024022346368715086 0.004347826086956522
2 0.8120111731843576 0.5485507246376812 0.016201117318435758 0.004347826086956522
2 0.7388268156424581 0.5554347826086956 0.016201117318435758 0.006521739130434782
2 0.7578212290502793 0.5822463768115942 0.020670391061452516 0.010869565217391304
2 0.7170391061452513 0.5996376811594202 0.028491620111731845 0.018115942028985508
2 0.731005586592179 0.5840579710144926 0.028491620111731845 0.010144927536231883
2 0.8156424581005587 0.5851449275362318 0.032402234636871516 0.013768115942028984
2 0.9324022346368717 0.5699275362318841 0.03687150837988827 0.007971014492753623
2 0.9645251396648045 0.5710144927536231 0.019553072625698328 0.010144927536231883
2 0.8092178770949722 0.5528985507246377 0.024022346368715086 0.004347826086956522
2 0.8120111731843576 0.5485507246376812 0.016201117318435758 0.004347826086956522
2 0.7388268156424581 0.5554347826086956 0.016201117318435758 0.006521739130434782
2 0.7578212290502793 0.5822463768115942 0.020670391061452516 0.010869565217391304
2 0.7170391061452513 0.5996376811594202 0.028491620111731845 0.018115942028985508
2 0.731005586592179 0.5840579710144926 0.028491620111731845 0.010144927536231883
2 0.8156424581005587 0.5851449275362318 0.032402234636871516 0.013768115942028984
