2 0.40027932960893864 0.5782608695652173 0.026256983240223467 0.008695652173913044
2 0.42821229050279336 0.5829710144927536 0.027374301675977656 0.006521739130434782
2 0.55 0.5818840579710145 0.06424581005586592 0.004347826086956522
2 0.5407821229050279 0.5905797101449275 0.04692737430167598 0.007246376811594202
2 0.8888268156424582 0.5666666666666665 0.024581005586592184 0.008695652173913044
2 0.40027932960893864 0.5782608695652173 0.026256983240223467 0.008695652173913044
2 0.42821229050279336 0.5829710144927536 0.027374301675977656 0.006521739130434782
2 0.55 0.5818840579710145 0.06424581005586592 0.004347826086956522
2 0.5407821229050279 0.5905797101449275 0.04692737430167598 0.007246376811594202
2 0.8888268156424582 0.5666666666666665 0.024581005586592184 0.008695652173913044
