2 0.018156424581005588 0.7170289855072464 0.027374301675977656 0.007971014492753623
2 0.23882681564245814 0.6130434782608696 0.037430167597765365 0.010144927536231883
2 0.15642458100558662 0.5985507246376811 0.01340782122905028 0.0057971014492753615
2 0.028212290502793298 0.5869565217391304 0.017318435754189947 0.004347826086956522
2 0.10418994413407821 0.6536231884057971 0.031843575418994415 0.008695652173913044
2 0.018156424581005588 0.7170289855072464 0.027374301675977656 0.007971014492753623
2 0.23882681564245814 0.6130434782608696 0.037430167597765365 0.010144927536231883
2 0.15642458100558662 0.5985507246376811 0.01340782122905028 0.0057971014492753615
2 0.028212290502793298 0.5869565217391304 0.017318435754189947 0.004347826086956522
2 0.10418994413407821 0.6536231884057971 0.031843575418994415 0.008695652173913044
