2 0.4463687150837989 0.5778985507246376 0.01340782122905028 0.005072463768115942
2 0.3156424581005587 0.5764492753623188 0.0111731843575419 0.005072463768115942
2 0.27122905027932964 0.5876811594202899 0.020670391061452516 0.004347826086956522
2 0.23296089385474866 0.5880434782608694 0.03016759776536313 0.007971014492753623
2 0.20083798882681567 0.5670289855072463 0.020670391061452516 0.003623188405797101
2 0.4463687150837989 0.5778985507246376 0.01340782122905028 0.005072463768115942
2 0.3156424581005587 0.5764492753623188 0.0111731843575419 0.005072463768115942
2 0.27122905027932964 0.5876811594202899 0.020670391061452516 0.004347826086956522
2 0.23296089385474866 0.5880434782608694 0.03016759776536313 0.007971014492753623
2 0.20083798882681567 0.5670289855072463 0.020670391061452516 0.003623188405797101
