2 0.5237430167597766 0.7108695652173912 0.08100558659217877 0.020289855072463767
2 0.6318435754189944 0.6753623188405796 0.09162011173184359 0.034782608695652174
2 0.6078212290502794 0.6365942028985506 0.02122905027932961 0.012318840579710146
2 0.5731843575418994 0.6405797101449274 0.02011173184357542 0.013043478260869565
2 0.5787709497206704 0.6257246376811594 0.02011173184357542 0.012318840579710146
2 0.6335195530726258 0.5847826086956521 0.033519553072625705 0.007246376811594202
2 0.5773743016759778 0.5873188405797101 0.027374301675977656 0.006521739130434782
2 0.5237430167597766 0.7108695652173912 0.08100558659217877 0.020289855072463767
2 0.6318435754189944 0.6753623188405796 0.09162011173184359 0.034782608695652174
2 0.6078212290502794 0.6365942028985506 0.02122905027932961 0.012318840579710146
2 0.5731843575418994 0.6405797101449274 0.02011173184357542 0.013043478260869565
2 0.5787709497206704 0.6257246376811594 0.02011173184357542 0.012318840579710146
2 0.6335195530726258 0.5847826086956521 0.033519553072625705 0.007246376811594202
2 0.5773743016759778 0.5873188405797101 0.027374301675977656 0.006521739130434782
