2 0.4125698324022347 0.716304347826087 0.022905027932960897 0.012318840579710146
2 0.3368715083798883 0.6409420289855071 0.027932960893854754 0.010869565217391304
2 0.22458100558659222 0.6688405797101449 0.03798882681564246 0.015942028985507246
2 0.18407821229050278 0.6539855072463768 0.04636871508379888 0.019565217391304346
2 0.24357541899441343 0.586231884057971 0.02681564245810056 0.004347826086956522
2 0.16368715083798882 0.6126811594202898 0.02122905027932961 0.009420289855072463
2 0.13994413407821232 0.6405797101449274 0.018435754189944135 0.0057971014492753615
2 0.15977653631284916 0.5833333333333333 0.01005586592178771 0.0028985507246376808
2 0.021508379888268155 0.5840579710144927 0.011731843575418994 0.004347826086956522
2 0.04692737430167599 0.6170289855072463 0.00893854748603352 0.006521739130434782
2 0.4125698324022347 0.716304347826087 0.022905027932960897 0.012318840579710146
2 0.3368715083798883 0.6409420289855071 0.027932960893854754 0.010869565217391304
2 0.22458100558659222 0.6688405797101449 0.03798882681564246 0.015942028985507246
2 0.18407821229050278 0.6539855072463768 0.04636871508379888 0.019565217391304346
2 0.24357541899441343 0.586231884057971 0.02681564245810056 0.004347826086956522
2 0.16368715083798882 0.6126811594202898 0.02122905027932961 0.009420289855072463
2 0.13994413407821232 0.6405797101449274 0.018435754189944135 0.0057971014492753615
2 0.15977653631284916 0.5833333333333333 0.01005586592178771 0.0028985507246376808
2 0.021508379888268155 0.5840579710144927 0.011731843575418994 0.004347826086956522
2 0.04692737430167599 0.6170289855072463 0.00893854748603352 0.006521739130434782
