2 0.6215083798882682 0.6471014492753623 0.030726256983240226 0.010144927536231883
2 0.5162011173184358 0.5999999999999999 0.04357541899441341 0.010144927536231883
2 0.5648044692737431 0.5865942028985507 0.04134078212290503 0.006521739130434782
2 0.5365921787709497 0.5789855072463769 0.009497206703910615 0.0057971014492753615
2 0.5416201117318435 0.5735507246376812 0.010614525139664805 0.005072463768115942
2 0.555586592178771 0.5771739130434782 0.012849162011173186 0.005072463768115942
2 0.5776536312849163 0.5579710144927537 0.024581005586592184 0.0057971014492753615
2 0.5486033519553074 0.558695652173913 0.00670391061452514 0.0028985507246376808
2 0.6215083798882682 0.6471014492753623 0.030726256983240226 0.010144927536231883
2 0.5162011173184358 0.5999999999999999 0.04357541899441341 0.010144927536231883
2 0.5648044692737431 0.5865942028985507 0.04134078212290503 0.006521739130434782
2 0.5365921787709497 0.5789855072463769 0.009497206703910615 0.0057971014492753615
2 0.5416201117318435 0.5735507246376812 0.010614525139664805 0.005072463768115942
2 0.555586592178771 0.5771739130434782 0.012849162011173186 0.005072463768115942
2 0.5776536312849163 0.5579710144927537 0.024581005586592184 0.0057971014492753615
2 0.5486033519553074 0.558695652173913 0.00670391061452514 0.0028985507246376808
