2 0.8064245810055867 0.5985507246376811 0.022905027932960897 0.008695652173913044
2 0.4357541899441341 0.7126811594202898 0.029050279329608943 0.015217391304347825
2 0.5156424581005588 0.5605072463768116 0.012290502793296092 0.005072463768115942
2 0.5715083798882682 0.553623188405797 0.01787709497206704 0.004347826086956522
2 0.63463687150838 0.6681159420289855 0.01787709497206704 0.008695652173913044
2 0.5103351955307264 0.6355072463768116 0.012849162011173186 0.0057971014492753615
2 0.4977653631284917 0.610144927536232 0.01005586592178771 0.0057971014492753615
2 0.514804469273743 0.6083333333333333 0.007262569832402236 0.006521739130434782
2 0.8064245810055867 0.5985507246376811 0.022905027932960897 0.008695652173913044
2 0.4357541899441341 0.7126811594202898 0.029050279329608943 0.015217391304347825
2 0.5156424581005588 0.5605072463768116 0.012290502793296092 0.005072463768115942
2 0.5715083798882682 0.553623188405797 0.01787709497206704 0.004347826086956522
2 0.63463687150838 0.6681159420289855 0.01787709497206704 0.008695652173913044
2 0.5103351955307264 0.6355072463768116 0.012849162011173186 0.0057971014492753615
2 0.4977653631284917 0.610144927536232 0.01005586592178771 0.0057971014492753615
2 0.514804469273743 0.6083333333333333 0.007262569832402236 0.006521739130434782
