2 0.45307262569832407 0.6952898550724639 0.04134078212290503 0.021014492753623184
2 0.24217877094972068 0.6934782608695651 0.06536312849162013 0.036231884057971016
2 0.20167597765363132 0.6601449275362319 0.025698324022346373 0.008695652173913044
2 0.24916201117318437 0.6184782608695651 0.024581005586592184 0.009420289855072463
2 0.35446927374301684 0.5855072463768115 0.031843575418994415 0.008695652173913044
2 0.2692737430167598 0.5764492753623188 0.01005586592178771 0.003623188405797101
2 0.12905027932960894 0.6134057971014493 0.0111731843575419 0.003623188405797101
2 0.11871508379888268 0.609782608695652 0.011731843575418994 0.003623188405797101
2 0.13854748603351957 0.6166666666666666 0.0111731843575419 0.0057971014492753615
2 0.13770949720670392 0.5699275362318841 0.009497206703910615 0.003623188405797101
2 0.45307262569832407 0.6952898550724639 0.04134078212290503 0.021014492753623184
2 0.24217877094972068 0.6934782608695651 0.06536312849162013 0.036231884057971016
2 0.20167597765363132 0.6601449275362319 0.025698324022346373 0.008695652173913044
2 0.24916201117318437 0.6184782608695651 0.024581005586592184 0.009420289855072463
2 0.35446927374301684 0.5855072463768115 0.031843575418994415 0.008695652173913044
2 0.2692737430167598 0.5764492753623188 0.01005586592178771 0.003623188405797101
2 0.12905027932960894 0.6134057971014493 0.0111731843575419 0.003623188405797101
2 0.11871508379888268 0.609782608695652 0.011731843575418994 0.003623188405797101
2 0.13854748603351957 0.6166666666666666 0.0111731843575419 0.0057971014492753615
2 0.13770949720670392 0.5699275362318841 0.009497206703910615 0.003623188405797101
