2 0.5195530726256984 0.6778985507246377 0.03463687150837989 0.013768115942028984
2 0.5564245810055867 0.6807971014492752 0.027932960893854754 0.012318840579710146
2 0.3689944134078213 0.6862318840579711 0.029608938547486034 0.015942028985507246
2 0.2963687150837989 0.6297101449275362 0.025139664804469275 0.007246376811594202
2 0.19832402234636876 0.6547101449275362 0.032402234636871516 0.010869565217391304
2 0.1592178770949721 0.6452898550724637 0.045810055865921795 0.016666666666666666
2 0.11145251396648045 0.6369565217391304 0.017318435754189947 0.004347826086956522
2 0.1256983240223464 0.6130434782608695 0.01899441340782123 0.007246376811594202
2 0.19860335195530726 0.5869565217391304 0.024022346368715086 0.004347826086956522
2 0.11564245810055869 0.5858695652173912 0.00893854748603352 0.003623188405797101
2 0.5195530726256984 0.6778985507246377 0.03463687150837989 0.013768115942028984
2 0.5564245810055867 0.6807971014492752 0.027932960893854754 0.012318840579710146
2 0.3689944134078213 0.6862318840579711 0.029608938547486034 0.015942028985507246
2 0.2963687150837989 0.6297101449275362 0.025139664804469275 0.007246376811594202
2 0.19832402234636876 0.6547101449275362 0.032402234636871516 0.010869565217391304
2 0.1592178770949721 0.6452898550724637 0.045810055865921795 0.016666666666666666
2 0.11145251396648045 0.6369565217391304 0.017318435754189947 0.004347826086956522
2 0.1256983240223464 0.6130434782608695 0.01899441340782123 0.007246376811594202
2 0.19860335195530726 0.5869565217391304 0.024022346368715086 0.004347826086956522
2 0.11564245810055869 0.5858695652173912 0.00893854748603352 0.003623188405797101
