2 0.13407821229050282 0.6804347826086956 0.027932960893854754 0.010144927536231883
2 0.19525139664804472 0.6311594202898549 0.026256983240223467 0.010144927536231883
2 0.3136871508379889 0.5952898550724637 0.031843575418994415 0.007971014492753623
2 0.22737430167597766 0.5840579710144926 0.00893854748603352 0.0028985507246376808
2 0.16787709497206704 0.7094202898550723 0.08100558659217877 0.03043478260869565
2 0.056424581005586595 0.5804347826086956 0.00893854748603352 0.0028985507246376808
2 0.07486033519553073 0.6239130434782608 0.014525139664804471 0.0057971014492753615
2 0.06508379888268156 0.6003623188405796 0.008379888268156426 0.003623188405797101
2 0.13407821229050282 0.6804347826086956 0.027932960893854754 0.010144927536231883
2 0.19525139664804472 0.6311594202898549 0.026256983240223467 0.010144927536231883
2 0.3136871508379889 0.5952898550724637 0.031843575418994415 0.007971014492753623
2 0.22737430167597766 0.5840579710144926 0.00893854748603352 0.0028985507246376808
2 0.16787709497206704 0.7094202898550723 0.08100558659217877 0.03043478260869565
2 0.056424581005586595 0.5804347826086956 0.00893854748603352 0.0028985507246376808
2 0.07486033519553073 0.6239130434782608 0.014525139664804471 0.0057971014492753615
2 0.06508379888268156 0.6003623188405796 0.008379888268156426 0.003623188405797101
