2 0.2877094972067039 0.6989130434782608 0.04245810055865922 0.021014492753623184
2 0.37094972067039106 0.5829710144927536 0.012290502793296092 0.005072463768115942
2 0.5662011173184358 0.5681159420289854 0.038547486033519554 0.011594202898550723
2 0.46508379888268164 0.5713768115942028 0.016201117318435758 0.005072463768115942
2 0.42960893854748616 0.5717391304347826 0.01899441340782123 0.0057971014492753615
2 0.2877094972067039 0.6989130434782608 0.04245810055865922 0.021014492753623184
2 0.37094972067039106 0.5829710144927536 0.012290502793296092 0.005072463768115942
2 0.5662011173184358 0.5681159420289854 0.038547486033519554 0.011594202898550723
2 0.46508379888268164 0.5713768115942028 0.016201117318435758 0.005072463768115942
2 0.42960893854748616 0.5717391304347826 0.01899441340782123 0.0057971014492753615
