2 0.6416201117318437 0.6115942028985507 0.013966480446927377 0.007246376811594202
2 0.5273743016759777 0.5978260869565217 0.04134078212290503 0.011594202898550723
2 0.6527932960893855 0.5601449275362319 0.031843575418994415 0.0057971014492753615
2 0.614804469273743 0.55 0.010614525139664805 0.0057971014492753615
2 0.5768156424581007 0.5539855072463767 0.017318435754189947 0.005072463768115942
2 0.6416201117318437 0.6115942028985507 0.013966480446927377 0.007246376811594202
2 0.5273743016759777 0.5978260869565217 0.04134078212290503 0.011594202898550723
2 0.6527932960893855 0.5601449275362319 0.031843575418994415 0.0057971014492753615
2 0.614804469273743 0.55 0.010614525139664805 0.0057971014492753615
2 0.5768156424581007 0.5539855072463767 0.017318435754189947 0.005072463768115942
