2 0.608659217877095 0.6891304347826086 0.03519553072625699 0.015942028985507246
2 0.711173184357542 0.677536231884058 0.032402234636871516 0.013043478260869565
2 0.7988826815642459 0.7217391304347825 0.025698324022346373 0.014492753623188404
2 0.5458100558659218 0.644927536231884 0.04357541899441341 0.015942028985507246
2 0.6198324022346369 0.6119565217391304 0.05195530726256984 0.016666666666666666
2 0.7907821229050279 0.6155797101449275 0.056424581005586595 0.018115942028985508
2 0.8081005586592179 0.5992753623188405 0.022905027932960897 0.007246376811594202
2 0.8541899441340782 0.6072463768115942 0.04804469273743017 0.014492753623188404
2 0.608659217877095 0.6891304347826086 0.03519553072625699 0.015942028985507246
2 0.711173184357542 0.677536231884058 0.032402234636871516 0.013043478260869565
2 0.7988826815642459 0.7217391304347825 0.025698324022346373 0.014492753623188404
2 0.5458100558659218 0.644927536231884 0.04357541899441341 0.015942028985507246
2 0.6198324022346369 0.6119565217391304 0.05195530726256984 0.016666666666666666
2 0.7907821229050279 0.6155797101449275 0.056424581005586595 0.018115942028985508
2 0.8081005586592179 0.5992753623188405 0.022905027932960897 0.007246376811594202
2 0.8541899441340782 0.6072463768115942 0.04804469273743017 0.014492753623188404
