2 0.1698324022346369 0.681159420289855 0.04357541899441341 0.020289855072463767
2 0.158659217877095 0.6072463768115942 0.01340782122905028 0.004347826086956522
2 0.1899441340782123 0.5797101449275363 0.02011173184357542 0.0057971014492753615
2 0.2198324022346369 0.5847826086956521 0.016201117318435758 0.0057971014492753615
2 0.2835195530726257 0.5757246376811593 0.025139664804469275 0.006521739130434782
2 0.1698324022346369 0.681159420289855 0.04357541899441341 0.020289855072463767
2 0.158659217877095 0.6072463768115942 0.01340782122905028 0.004347826086956522
2 0.1899441340782123 0.5797101449275363 0.02011173184357542 0.0057971014492753615
2 0.2198324022346369 0.5847826086956521 0.016201117318435758 0.0057971014492753615
2 0.2835195530726257 0.5757246376811593 0.025139664804469275 0.006521739130434782
