2 0.5170391061452515 0.6384057971014492 0.07094972067039107 0.023188405797101446
2 0.5863128491620112 0.6130434782608695 0.05530726256983241 0.013043478260869565
2 0.5740223463687152 0.5971014492753622 0.016201117318435758 0.0057971014492753615
2 0.553072625698324 0.5902173913043478 0.012290502793296092 0.006521739130434782
2 0.5483240223463688 0.5989130434782608 0.013966480446927377 0.006521739130434782
2 0.5986033519553073 0.567391304347826 0.028491620111731845 0.007246376811594202
2 0.5631284916201118 0.5677536231884057 0.00893854748603352 0.003623188405797101
2 0.5170391061452515 0.6384057971014492 0.07094972067039107 0.023188405797101446
2 0.5863128491620112 0.6130434782608695 0.05530726256983241 0.013043478260869565
2 0.5740223463687152 0.5971014492753622 0.016201117318435758 0.0057971014492753615
2 0.553072625698324 0.5902173913043478 0.012290502793296092 0.006521739130434782
2 0.5483240223463688 0.5989130434782608 0.013966480446927377 0.006521739130434782
2 0.5986033519553073 0.567391304347826 0.028491620111731845 0.007246376811594202
2 0.5631284916201118 0.5677536231884057 0.00893854748603352 0.003623188405797101
