2 0.7293296089385476 0.6543478260869565 0.037430167597765365 0.020289855072463767
2 0.6854748603351956 0.6376811594202899 0.03463687150837989 0.015942028985507246
2 0.6265363128491621 0.6499999999999999 0.04078212290502793 0.023188405797101446
2 0.7547486033519554 0.5826086956521739 0.0905027932960894 0.021739130434782608
2 0.8726256983240225 0.6528985507246378 0.03463687150837989 0.027536231884057967
2 0.8874301675977656 0.5884057971014494 0.038547486033519554 0.013043478260869565
2 0.8893854748603351 0.5746376811594203 0.039106145251396655 0.014492753623188404
2 0.7293296089385476 0.6543478260869565 0.037430167597765365 0.020289855072463767
2 0.6854748603351956 0.6376811594202899 0.03463687150837989 0.015942028985507246
2 0.6265363128491621 0.6499999999999999 0.04078212290502793 0.023188405797101446
2 0.7547486033519554 0.5826086956521739 0.0905027932960894 0.021739130434782608
2 0.8726256983240225 0.6528985507246378 0.03463687150837989 0.027536231884057967
2 0.8874301675977656 0.5884057971014494 0.038547486033519554 0.013043478260869565
2 0.8893854748603351 0.5746376811594203 0.039106145251396655 0.014492753623188404
