2 0.8966480446927375 0.5829710144927536 0.024581005586592184 0.007971014492753623
2 0.7486033519553074 0.5746376811594203 0.033519553072625705 0.008695652173913044
2 0.7226256983240223 0.5717391304347825 0.016201117318435758 0.004347826086956522
2 0.7033519553072627 0.5793478260869566 0.04022346368715084 0.007971014492753623
2 0.5899441340782124 0.5800724637681159 0.03575418994413408 0.010869565217391304
2 0.5405027932960894 0.5974637681159419 0.029608938547486034 0.005072463768115942
2 0.5779329608938548 0.6130434782608695 0.024022346368715086 0.007246376811594202
2 0.6684357541899442 0.6253623188405797 0.025139664804469275 0.013043478260869565
2 0.6918994413407822 0.6373188405797102 0.025139664804469275 0.010869565217391304
2 0.6360335195530726 0.6054347826086957 0.017318435754189947 0.005072463768115942
2 0.8966480446927375 0.5829710144927536 0.024581005586592184 0.007971014492753623
2 0.7486033519553074 0.5746376811594203 0.033519553072625705 0.008695652173913044
2 0.7226256983240223 0.5717391304347825 0.016201117318435758 0.004347826086956522
2 0.7033519553072627 0.5793478260869566 0.04022346368715084 0.007971014492753623
2 0.5899441340782124 0.5800724637681159 0.03575418994413408 0.010869565217391304
2 0.5405027932960894 0.5974637681159419 0.029608938547486034 0.005072463768115942
2 0.5779329608938548 0.6130434782608695 0.024022346368715086 0.007246376811594202
2 0.6684357541899442 0.6253623188405797 0.025139664804469275 0.013043478260869565
2 0.6918994413407822 0.6373188405797102 0.025139664804469275 0.010869565217391304
2 0.6360335195530726 0.6054347826086957 0.017318435754189947 0.005072463768115942
