2 0.46564245810055865 0.6213768115942029 0.028491620111731845 0.012318840579710146
2 0.48687150837988835 0.5666666666666667 0.015083798882681566 0.004347826086956522
2 0.6416201117318435 0.5572463768115942 0.028491620111731845 0.007246376811594202
2 0.5631284916201118 0.5568840579710145 0.01005586592178771 0.005072463768115942
2 0.5310055865921789 0.5594202898550724 0.013966480446927377 0.004347826086956522
2 0.46564245810055865 0.6213768115942029 0.028491620111731845 0.012318840579710146
2 0.48687150837988835 0.5666666666666667 0.015083798882681566 0.004347826086956522
2 0.6416201117318435 0.5572463768115942 0.028491620111731845 0.007246376811594202
2 0.5631284916201118 0.5568840579710145 0.01005586592178771 0.005072463768115942
2 0.5310055865921789 0.5594202898550724 0.013966480446927377 0.004347826086956522
