2 0.7399441340782124 0.6996376811594202 0.0340782122905028 0.02536231884057971
2 0.523463687150838 0.658695652173913 0.06927374301675979 0.036231884057971016
2 0.6958100558659219 0.5746376811594203 0.0452513966480447 0.008695652173913044
2 0.6779329608938548 0.5626811594202898 0.015083798882681566 0.006521739130434782
2 0.6379888268156425 0.5583333333333333 0.01564245810055866 0.006521739130434782
2 0.5888268156424582 0.5637681159420289 0.0223463687150838 0.0057971014492753615
2 0.7399441340782124 0.6996376811594202 0.0340782122905028 0.02536231884057971
2 0.523463687150838 0.658695652173913 0.06927374301675979 0.036231884057971016
2 0.6958100558659219 0.5746376811594203 0.0452513966480447 0.008695652173913044
2 0.6779329608938548 0.5626811594202898 0.015083798882681566 0.006521739130434782
2 0.6379888268156425 0.5583333333333333 0.01564245810055866 0.006521739130434782
2 0.5888268156424582 0.5637681159420289 0.0223463687150838 0.0057971014492753615
