2 0.625977653631285 0.6623188405797102 0.04078212290502793 0.017391304347826087
2 0.4877094972067039 0.658695652173913 0.03463687150837989 0.018840579710144925
2 0.5108938547486034 0.6315217391304346 0.044134078212290505 0.021014492753623184
2 0.5136871508379889 0.6079710144927536 0.016201117318435758 0.0057971014492753615
2 0.58463687150838 0.5804347826086956 0.021787709497206705 0.0057971014492753615
2 0.7000000000000001 0.5597826086956521 0.025698324022346373 0.005072463768115942
2 0.5097765363128492 0.5695652173913044 0.008379888268156426 0.004347826086956522
2 0.625977653631285 0.6623188405797102 0.04078212290502793 0.017391304347826087
2 0.4877094972067039 0.658695652173913 0.03463687150837989 0.018840579710144925
2 0.5108938547486034 0.6315217391304346 0.044134078212290505 0.021014492753623184
2 0.5136871508379889 0.6079710144927536 0.016201117318435758 0.0057971014492753615
2 0.58463687150838 0.5804347826086956 0.021787709497206705 0.0057971014492753615
2 0.7000000000000001 0.5597826086956521 0.025698324022346373 0.005072463768115942
2 0.5097765363128492 0.5695652173913044 0.008379888268156426 0.004347826086956522
