2 0.4416201117318436 0.6619565217391306 0.04860335195530727 0.012318840579710146
2 0.5762569832402236 0.6927536231884057 0.07430167597765364 0.03333333333333333
2 0.7058659217877097 0.6456521739130434 0.029608938547486034 0.011594202898550723
2 0.729608938547486 0.6297101449275362 0.032402234636871516 0.014492753623188404
2 0.7941340782122907 0.6369565217391303 0.025139664804469275 0.013043478260869565
2 0.8033519553072626 0.6228260869565216 0.027932960893854754 0.006521739130434782
2 0.4416201117318436 0.6619565217391306 0.04860335195530727 0.012318840579710146
2 0.5762569832402236 0.6927536231884057 0.07430167597765364 0.03333333333333333
2 0.7058659217877097 0.6456521739130434 0.029608938547486034 0.011594202898550723
2 0.729608938547486 0.6297101449275362 0.032402234636871516 0.014492753623188404
2 0.7941340782122907 0.6369565217391303 0.025139664804469275 0.013043478260869565
2 0.8033519553072626 0.6228260869565216 0.027932960893854754 0.006521739130434782
