2 0.5053072625698325 0.6420289855072462 0.021787709497206705 0.011594202898550723
2 0.5801675977653632 0.5855072463768115 0.018435754189944135 0.0057971014492753615
2 0.511173184357542 0.5858695652173912 0.01787709497206704 0.006521739130434782
2 0.5223463687150839 0.5778985507246376 0.024581005586592184 0.007971014492753623
2 0.5687150837988828 0.5583333333333333 0.01340782122905028 0.005072463768115942
2 0.6522346368715084 0.547463768115942 0.016201117318435758 0.005072463768115942
2 0.5053072625698325 0.6420289855072462 0.021787709497206705 0.011594202898550723
2 0.5801675977653632 0.5855072463768115 0.018435754189944135 0.0057971014492753615
2 0.511173184357542 0.5858695652173912 0.01787709497206704 0.006521739130434782
2 0.5223463687150839 0.5778985507246376 0.024581005586592184 0.007971014492753623
2 0.5687150837988828 0.5583333333333333 0.01340782122905028 0.005072463768115942
2 0.6522346368715084 0.547463768115942 0.016201117318435758 0.005072463768115942
