2 0.2340782122905028 0.6735507246376812 0.02346368715083799 0.02681159420289855
2 0.27709497206703915 0.6721014492753624 0.05363128491620112 0.021014492753623184
2 0.3136871508379888 0.7028985507246376 0.036312849162011177 0.021739130434782608
2 0.33715083798882683 0.6789855072463767 0.024022346368715086 0.010144927536231883
2 0.36173184357541904 0.7014492753623187 0.027374301675977656 0.010144927536231883
2 0.45642458100558664 0.6771739130434783 0.032402234636871516 0.021014492753623184
2 0.7932960893854748 0.5706521739130435 0.0111731843575419 0.005072463768115942
2 0.5217877094972068 0.5800724637681159 0.012290502793296092 0.003623188405797101
2 0.5276536312849163 0.558695652173913 0.022905027932960897 0.008695652173913044
2 0.6279329608938549 0.5376811594202898 0.012290502793296092 0.004347826086956522
2 0.5675977653631286 0.558695652173913 0.0111731843575419 0.004347826086956522
2 0.2340782122905028 0.6735507246376812 0.02346368715083799 0.02681159420289855
2 0.27709497206703915 0.6721014492753624 0.05363128491620112 0.021014492753623184
2 0.3136871508379888 0.7028985507246376 0.036312849162011177 0.021739130434782608
2 0.33715083798882683 0.6789855072463767 0.024022346368715086 0.010144927536231883
2 0.36173184357541904 0.7014492753623187 0.027374301675977656 0.010144927536231883
2 0.45642458100558664 0.6771739130434783 0.032402234636871516 0.021014492753623184
2 0.7932960893854748 0.5706521739130435 0.0111731843575419 0.005072463768115942
2 0.5217877094972068 0.5800724637681159 0.012290502793296092 0.003623188405797101
2 0.5276536312849163 0.558695652173913 0.022905027932960897 0.008695652173913044
2 0.6279329608938549 0.5376811594202898 0.012290502793296092 0.004347826086956522
2 0.5675977653631286 0.558695652173913 0.0111731843575419 0.004347826086956522
