2 0.3332402234636872 0.6793478260869565 0.036312849162011177 0.018115942028985508
2 0.3910614525139665 0.6644927536231884 0.02122905027932961 0.0057971014492753615
2 0.41759776536312854 0.6405797101449274 0.016201117318435758 0.0057971014492753615
2 0.45698324022346376 0.6275362318840578 0.03016759776536313 0.011594202898550723
2 0.4891061452513967 0.6025362318840579 0.07318435754189945 0.016666666666666666
2 0.3332402234636872 0.6793478260869565 0.036312849162011177 0.018115942028985508
2 0.3910614525139665 0.6644927536231884 0.02122905027932961 0.0057971014492753615
2 0.41759776536312854 0.6405797101449274 0.016201117318435758 0.0057971014492753615
2 0.45698324022346376 0.6275362318840578 0.03016759776536313 0.011594202898550723
2 0.4891061452513967 0.6025362318840579 0.07318435754189945 0.016666666666666666
