2 0.7860335195530725 0.558695652173913 0.0223463687150838 0.0057971014492753615
2 0.5312849162011174 0.5728260869565217 0.02122905027932961 0.006521739130434782
2 0.5695530726256984 0.5630434782608695 0.027374301675977656 0.0057971014492753615
2 0.6497206703910615 0.5594202898550724 0.027932960893854754 0.004347826086956522
2 0.6843575418994414 0.556159420289855 0.02122905027932961 0.005072463768115942
2 0.6675977653631286 0.5547101449275362 0.00893854748603352 0.005072463768115942
2 0.6279329608938548 0.5873188405797101 0.014525139664804471 0.005072463768115942
2 0.6170391061452515 0.5815217391304347 0.015083798882681566 0.009420289855072463
2 0.5689944134078213 0.5630434782608695 0.027374301675977656 0.007246376811594202
2 0.5318435754189945 0.5739130434782609 0.01899441340782123 0.0057971014492753615
2 0.5567039106145252 0.5807971014492753 0.012849162011173186 0.003623188405797101
2 0.7860335195530725 0.558695652173913 0.0223463687150838 0.0057971014492753615
2 0.5312849162011174 0.5728260869565217 0.02122905027932961 0.006521739130434782
2 0.5695530726256984 0.5630434782608695 0.027374301675977656 0.0057971014492753615
2 0.6497206703910615 0.5594202898550724 0.027932960893854754 0.004347826086956522
2 0.6843575418994414 0.556159420289855 0.02122905027932961 0.005072463768115942
2 0.6675977653631286 0.5547101449275362 0.00893854748603352 0.005072463768115942
2 0.6279329608938548 0.5873188405797101 0.014525139664804471 0.005072463768115942
2 0.6170391061452515 0.5815217391304347 0.015083798882681566 0.009420289855072463
2 0.5689944134078213 0.5630434782608695 0.027374301675977656 0.007246376811594202
2 0.5318435754189945 0.5739130434782609 0.01899441340782123 0.0057971014492753615
2 0.5567039106145252 0.5807971014492753 0.012849162011173186 0.003623188405797101
