2 0.632122905027933 0.6467391304347825 0.044134078212290505 0.010869565217391304
2 0.8081005586592179 0.5931159420289855 0.04748603351955308 0.015217391304347825
2 0.6969273743016762 0.5623188405797102 0.012849162011173186 0.004347826086956522
2 0.49608938547486037 0.605072463768116 0.01564245810055866 0.004347826086956522
2 0.49720670391061456 0.6126811594202898 0.01340782122905028 0.005072463768115942
2 0.520391061452514 0.5463768115942028 0.009497206703910615 0.004347826086956522
2 0.5636871508379889 0.5420289855072464 0.012290502793296092 0.004347826086956522
2 0.632122905027933 0.6467391304347825 0.044134078212290505 0.010869565217391304
2 0.8081005586592179 0.5931159420289855 0.04748603351955308 0.015217391304347825
2 0.6969273743016762 0.5623188405797102 0.012849162011173186 0.004347826086956522
2 0.49608938547486037 0.605072463768116 0.01564245810055866 0.004347826086956522
2 0.49720670391061456 0.6126811594202898 0.01340782122905028 0.005072463768115942
2 0.520391061452514 0.5463768115942028 0.009497206703910615 0.004347826086956522
2 0.5636871508379889 0.5420289855072464 0.012290502793296092 0.004347826086956522
