2 0.46005586592178777 0.6499999999999999 0.07653631284916201 0.021739130434782608
2 0.26620111731843576 0.6304347826086956 0.05307262569832402 0.014492753623188404
2 0.37094972067039106 0.6047101449275362 0.03687150837988827 0.010869565217391304
2 0.4807262569832403 0.6855072463768115 0.049720670391061456 0.02608695652173913
2 0.650558659217877 0.6057971014492753 0.029608938547486034 0.007246376811594202
2 0.7575418994413409 0.6318840579710145 0.03463687150837989 0.014492753623188404
2 0.8513966480446928 0.6409420289855071 0.03128491620111732 0.012318840579710146
2 0.8304469273743018 0.6217391304347826 0.017318435754189947 0.007246376811594202
2 0.7491620111731845 0.6065217391304347 0.01899441340782123 0.0057971014492753615
2 0.8659217877094973 0.5728260869565217 0.02122905027932961 0.010869565217391304
2 0.46005586592178777 0.6499999999999999 0.07653631284916201 0.021739130434782608
2 0.26620111731843576 0.6304347826086956 0.05307262569832402 0.014492753623188404
2 0.37094972067039106 0.6047101449275362 0.03687150837988827 0.010869565217391304
2 0.4807262569832403 0.6855072463768115 0.049720670391061456 0.02608695652173913
2 0.650558659217877 0.6057971014492753 0.029608938547486034 0.007246376811594202
2 0.7575418994413409 0.6318840579710145 0.03463687150837989 0.014492753623188404
2 0.8513966480446928 0.6409420289855071 0.03128491620111732 0.012318840579710146
2 0.8304469273743018 0.6217391304347826 0.017318435754189947 0.007246376811594202
2 0.7491620111731845 0.6065217391304347 0.01899441340782123 0.0057971014492753615
2 0.8659217877094973 0.5728260869565217 0.02122905027932961 0.010869565217391304
