2 0.3393854748603352 0.6409420289855071 0.04189944134078213 0.012318840579710146
2 0.4472067039106146 0.6242753623188406 0.025139664804469275 0.007971014492753623
2 0.4720670391061453 0.5717391304347825 0.02122905027932961 0.007246376811594202
2 0.49720670391061456 0.5699275362318841 0.016759776536312852 0.005072463768115942
2 0.3756983240223464 0.5974637681159419 0.020670391061452516 0.005072463768115942
2 0.36592178770949724 0.6047101449275362 0.01787709497206704 0.006521739130434782
2 0.2835195530726257 0.6123188405797101 0.020670391061452516 0.0057971014492753615
2 0.3393854748603352 0.6409420289855071 0.04189944134078213 0.012318840579710146
2 0.4472067039106146 0.6242753623188406 0.025139664804469275 0.007971014492753623
2 0.4720670391061453 0.5717391304347825 0.02122905027932961 0.007246376811594202
2 0.49720670391061456 0.5699275362318841 0.016759776536312852 0.005072463768115942
2 0.3756983240223464 0.5974637681159419 0.020670391061452516 0.005072463768115942
2 0.36592178770949724 0.6047101449275362 0.01787709497206704 0.006521739130434782
2 0.2835195530726257 0.6123188405797101 0.020670391061452516 0.0057971014492753615
