2 0.5731843575418996 0.6394927536231884 0.04357541899441341 0.015217391304347825
2 0.558659217877095 0.6184782608695651 0.058100558659217885 0.016666666666666666
2 0.47011173184357546 0.5876811594202898 0.028491620111731845 0.010144927536231883
2 0.38910614525139664 0.6050724637681159 0.044134078212290505 0.013043478260869565
2 0.7122905027932962 0.5902173913043478 0.01564245810055866 0.006521739130434782
2 0.7874301675977655 0.6079710144927536 0.026256983240223467 0.011594202898550723
2 0.8600558659217878 0.614855072463768 0.025139664804469275 0.009420289855072463
2 0.8541899441340782 0.6028985507246376 0.02011173184357542 0.007246376811594202
2 0.5731843575418996 0.6394927536231884 0.04357541899441341 0.015217391304347825
2 0.558659217877095 0.6184782608695651 0.058100558659217885 0.016666666666666666
2 0.47011173184357546 0.5876811594202898 0.028491620111731845 0.010144927536231883
2 0.38910614525139664 0.6050724637681159 0.044134078212290505 0.013043478260869565
2 0.7122905027932962 0.5902173913043478 0.01564245810055866 0.006521739130434782
2 0.7874301675977655 0.6079710144927536 0.026256983240223467 0.011594202898550723
2 0.8600558659217878 0.614855072463768 0.025139664804469275 0.009420289855072463
2 0.8541899441340782 0.6028985507246376 0.02011173184357542 0.007246376811594202
