2 0.6265363128491621 0.7003623188405798 0.031843575418994415 0.016666666666666666
2 0.632122905027933 0.6615942028985506 0.017318435754189947 0.008695652173913044
2 0.6363128491620114 0.633695652173913 0.02011173184357542 0.009420289855072463
2 0.6969273743016762 0.6155797101449275 0.028491620111731845 0.012318840579710146
2 0.6896648044692739 0.6032608695652173 0.027374301675977656 0.012318840579710146
2 0.6265363128491621 0.7003623188405798 0.031843575418994415 0.016666666666666666
2 0.632122905027933 0.6615942028985506 0.017318435754189947 0.008695652173913044
2 0.6363128491620114 0.633695652173913 0.02011173184357542 0.009420289855072463
2 0.6969273743016762 0.6155797101449275 0.028491620111731845 0.012318840579710146
2 0.6896648044692739 0.6032608695652173 0.027374301675977656 0.012318840579710146
