2 0.27821229050279334 0.6373188405797101 0.029050279329608943 0.009420289855072463
2 0.32709497206703914 0.6869565217391305 0.05754189944134079 0.017391304347826087
2 0.47569832402234635 0.6630434782608696 0.03966480446927375 0.014492753623188404
2 0.5069832402234637 0.5851449275362318 0.027374301675977656 0.007971014492753623
2 0.5363128491620112 0.5851449275362318 0.01787709497206704 0.006521739130434782
2 0.4142458100558659 0.5891304347826087 0.018435754189944135 0.007246376811594202
2 0.27821229050279334 0.6373188405797101 0.029050279329608943 0.009420289855072463
2 0.32709497206703914 0.6869565217391305 0.05754189944134079 0.017391304347826087
2 0.47569832402234635 0.6630434782608696 0.03966480446927375 0.014492753623188404
2 0.5069832402234637 0.5851449275362318 0.027374301675977656 0.007971014492753623
2 0.5363128491620112 0.5851449275362318 0.01787709497206704 0.006521739130434782
2 0.4142458100558659 0.5891304347826087 0.018435754189944135 0.007246376811594202
