2 0.8824022346368715 0.6724637681159421 0.025139664804469275 0.013043478260869565
2 0.8477653631284916 0.6054347826086955 0.020670391061452516 0.006521739130434782
2 0.788268156424581 0.5989130434782608 0.02011173184357542 0.006521739130434782
2 0.7270949720670392 0.5851449275362318 0.018435754189944135 0.005072463768115942
2 0.6064245810055866 0.6181159420289855 0.027374301675977656 0.008695652173913044
2 0.5952513966480447 0.605072463768116 0.04078212290502793 0.011594202898550723
2 0.5178770949720671 0.5826086956521739 0.024581005586592184 0.007246376811594202
2 0.45055865921787713 0.5978260869565217 0.036312849162011177 0.007246376811594202
2 0.5430167597765364 0.5547101449275362 0.01005586592178771 0.005072463768115942
2 0.8824022346368715 0.6724637681159421 0.025139664804469275 0.013043478260869565
2 0.8477653631284916 0.6054347826086955 0.020670391061452516 0.006521739130434782
2 0.788268156424581 0.5989130434782608 0.02011173184357542 0.006521739130434782
2 0.7270949720670392 0.5851449275362318 0.018435754189944135 0.005072463768115942
2 0.6064245810055866 0.6181159420289855 0.027374301675977656 0.008695652173913044
2 0.5952513966480447 0.605072463768116 0.04078212290502793 0.011594202898550723
2 0.5178770949720671 0.5826086956521739 0.024581005586592184 0.007246376811594202
2 0.45055865921787713 0.5978260869565217 0.036312849162011177 0.007246376811594202
2 0.5430167597765364 0.5547101449275362 0.01005586592178771 0.005072463768115942
