2 0.4846368715083799 0.704710144927536 0.06201117318435755 0.021014492753623184
2 0.25391061452513963 0.6659420289855073 0.029608938547486034 0.014492753623188404
2 0.37094972067039106 0.6583333333333333 0.032402234636871516 0.012318840579710146
2 0.39832402234636877 0.6442028985507247 0.033519553072625705 0.010144927536231883
2 0.5329608938547487 0.592391304347826 0.024581005586592184 0.006521739130434782
2 0.5611731843575419 0.5920289855072464 0.020670391061452516 0.004347826086956522
2 0.42402234636871516 0.5996376811594202 0.02122905027932961 0.006521739130434782
2 0.4846368715083799 0.704710144927536 0.06201117318435755 0.021014492753623184
2 0.25391061452513963 0.6659420289855073 0.029608938547486034 0.014492753623188404
2 0.37094972067039106 0.6583333333333333 0.032402234636871516 0.012318840579710146
2 0.39832402234636877 0.6442028985507247 0.033519553072625705 0.010144927536231883
2 0.5329608938547487 0.592391304347826 0.024581005586592184 0.006521739130434782
2 0.5611731843575419 0.5920289855072464 0.020670391061452516 0.004347826086956522
2 0.42402234636871516 0.5996376811594202 0.02122905027932961 0.006521739130434782
