2 0.26033519553072626 0.697463768115942 0.01564245810055866 0.006521739130434782
2 0.3108938547486034 0.6434782608695653 0.029608938547486034 0.013043478260869565
2 0.2740223463687151 0.5952898550724637 0.018435754189944135 0.006521739130434782
2 0.3547486033519554 0.5985507246376811 0.025698324022346373 0.007246376811594202
2 0.39608938547486033 0.5793478260869566 0.027932960893854754 0.010869565217391304
2 0.33770949720670396 0.6673913043478261 0.05754189944134079 0.021739130434782608
2 0.26033519553072626 0.697463768115942 0.01564245810055866 0.006521739130434782
2 0.3108938547486034 0.6434782608695653 0.029608938547486034 0.013043478260869565
2 0.2740223463687151 0.5952898550724637 0.018435754189944135 0.006521739130434782
2 0.3547486033519554 0.5985507246376811 0.025698324022346373 0.007246376811594202
2 0.39608938547486033 0.5793478260869566 0.027932960893854754 0.010869565217391304
2 0.33770949720670396 0.6673913043478261 0.05754189944134079 0.021739130434782608
