2 0.5988826815642458 0.5597826086956522 0.029050279329608943 0.006521739130434782
2 0.5483240223463688 0.5485507246376812 0.013966480446927377 0.0057971014492753615
2 0.49385474860335205 0.5572463768115942 0.0223463687150838 0.004347826086956522
2 1.0198324022346368 0.5492753623188406 0.010614525139664805 0.0057971014492753615
2 0.6801675977653633 0.613768115942029 0.09217877094972068 0.023188405797101446
2 0.5988826815642458 0.5597826086956522 0.029050279329608943 0.006521739130434782
2 0.5483240223463688 0.5485507246376812 0.013966480446927377 0.0057971014492753615
2 0.49385474860335205 0.5572463768115942 0.0223463687150838 0.004347826086956522
2 1.0198324022346368 0.5492753623188406 0.010614525139664805 0.0057971014492753615
2 0.6801675977653633 0.613768115942029 0.09217877094972068 0.023188405797101446
