2 0.623463687150838 0.6239130434782608 0.02122905027932961 0.008695652173913044
2 0.8058659217877094 0.5793478260869566 0.019553072625698328 0.007971014492753623
2 0.8251396648044694 0.5815217391304347 0.0111731843575419 0.005072463768115942
2 0.9097765363128493 0.5739130434782609 0.013966480446927377 0.0057971014492753615
2 0.9477653631284917 0.5775362318840579 0.024022346368715086 0.010144927536231883
2 0.623463687150838 0.6239130434782608 0.02122905027932961 0.008695652173913044
2 0.8058659217877094 0.5793478260869566 0.019553072625698328 0.007971014492753623
2 0.8251396648044694 0.5815217391304347 0.0111731843575419 0.005072463768115942
2 0.9097765363128493 0.5739130434782609 0.013966480446927377 0.0057971014492753615
2 0.9477653631284917 0.5775362318840579 0.024022346368715086 0.010144927536231883
