2 0.740223463687151 0.6713768115942028 0.07486033519553073 0.02826086956521739
2 0.8069832402234637 0.697463768115942 0.06201117318435755 0.02246376811594203
2 0.8304469273743016 0.5920289855072464 0.020670391061452516 0.0057971014492753615
2 0.7793296089385476 0.5844202898550724 0.01787709497206704 0.006521739130434782
2 0.7949720670391062 0.5764492753623188 0.01340782122905028 0.005072463768115942
2 0.7265363128491621 0.5728260869565217 0.017318435754189947 0.006521739130434782
2 0.61731843575419 0.5960144927536232 0.02011173184357542 0.005072463768115942
2 0.6094972067039107 0.5865942028985507 0.04245810055865922 0.006521739130434782
2 0.5410614525139665 0.5692028985507246 0.022905027932960897 0.005072463768115942
2 0.4787709497206704 0.5797101449275363 0.029050279329608943 0.0057971014492753615
2 0.5622905027932961 0.5445652173913043 0.009497206703910615 0.006521739130434782
2 0.740223463687151 0.6713768115942028 0.07486033519553073 0.02826086956521739
2 0.8069832402234637 0.697463768115942 0.06201117318435755 0.02246376811594203
2 0.8304469273743016 0.5920289855072464 0.020670391061452516 0.0057971014492753615
2 0.7793296089385476 0.5844202898550724 0.01787709497206704 0.006521739130434782
2 0.7949720670391062 0.5764492753623188 0.01340782122905028 0.005072463768115942
2 0.7265363128491621 0.5728260869565217 0.017318435754189947 0.006521739130434782
2 0.61731843575419 0.5960144927536232 0.02011173184357542 0.005072463768115942
2 0.6094972067039107 0.5865942028985507 0.04245810055865922 0.006521739130434782
2 0.5410614525139665 0.5692028985507246 0.022905027932960897 0.005072463768115942
2 0.4787709497206704 0.5797101449275363 0.029050279329608943 0.0057971014492753615
2 0.5622905027932961 0.5445652173913043 0.009497206703910615 0.006521739130434782
