2 0.3980446927374302 0.6344202898550725 0.031843575418994415 0.013768115942028984
2 0.17597765363128495 0.6771739130434783 0.05474860335195531 0.021014492753623184
2 0.2745810055865922 0.7144927536231884 0.05754189944134079 0.023188405797101446
2 0.570391061452514 0.6373188405797101 0.07150837988826816 0.013768115942028984
2 0.6773743016759777 0.6329710144927536 0.06201117318435755 0.013768115942028984
2 0.6159217877094972 0.5789855072463768 0.027374301675977656 0.010144927536231883
2 0.7203910614525141 0.5978260869565217 0.031843575418994415 0.011594202898550723
2 0.7522346368715085 0.6018115942028985 0.03519553072625699 0.016666666666666666
2 0.3980446927374302 0.6344202898550725 0.031843575418994415 0.013768115942028984
2 0.17597765363128495 0.6771739130434783 0.05474860335195531 0.021014492753623184
2 0.2745810055865922 0.7144927536231884 0.05754189944134079 0.023188405797101446
2 0.570391061452514 0.6373188405797101 0.07150837988826816 0.013768115942028984
2 0.6773743016759777 0.6329710144927536 0.06201117318435755 0.013768115942028984
2 0.6159217877094972 0.5789855072463768 0.027374301675977656 0.010144927536231883
2 0.7203910614525141 0.5978260869565217 0.031843575418994415 0.011594202898550723
2 0.7522346368715085 0.6018115942028985 0.03519553072625699 0.016666666666666666
