2 0.48994413407821236 0.5634057971014492 0.025698324022346373 0.009420289855072463
2 0.5424581005586593 0.553623188405797 0.02122905027932961 0.0057971014492753615
2 0.7474860335195531 0.5641304347826087 0.014525139664804471 0.005072463768115942
2 0.7891061452513966 0.5699275362318841 0.019553072625698328 0.006521739130434782
2 0.6874301675977654 0.6192028985507245 0.05865921787709498 0.018115942028985508
2 0.48994413407821236 0.5634057971014492 0.025698324022346373 0.009420289855072463
2 0.5424581005586593 0.553623188405797 0.02122905027932961 0.0057971014492753615
2 0.7474860335195531 0.5641304347826087 0.014525139664804471 0.005072463768115942
2 0.7891061452513966 0.5699275362318841 0.019553072625698328 0.006521739130434782
2 0.6874301675977654 0.6192028985507245 0.05865921787709498 0.018115942028985508
