2 0.49720670391061456 0.5547101449275361 0.0223463687150838 0.006521739130434782
2 0.5427374301675978 0.5467391304347825 0.016201117318435758 0.005072463768115942
2 0.5935754189944136 0.5547101449275362 0.026256983240223467 0.005072463768115942
2 0.5988826815642458 0.561231884057971 0.01340782122905028 0.005072463768115942
2 0.9949720670391062 0.5434782608695652 0.012290502793296092 0.004347826086956522
2 0.49720670391061456 0.5547101449275361 0.0223463687150838 0.006521739130434782
2 0.5427374301675978 0.5467391304347825 0.016201117318435758 0.005072463768115942
2 0.5935754189944136 0.5547101449275362 0.026256983240223467 0.005072463768115942
2 0.5988826815642458 0.561231884057971 0.01340782122905028 0.005072463768115942
2 0.9949720670391062 0.5434782608695652 0.012290502793296092 0.004347826086956522
