2 0.7089385474860337 0.6384057971014493 0.06703910614525141 0.021739130434782608
2 0.48715083798882686 0.5677536231884057 0.027932960893854754 0.009420289855072463
2 0.5432960893854749 0.558695652173913 0.019553072625698328 0.008695652173913044
2 0.614245810055866 0.5815217391304347 0.019553072625698328 0.005072463768115942
2 0.7608938547486035 0.5702898550724638 0.016759776536312852 0.0057971014492753615
2 0.8067039106145253 0.5746376811594203 0.01787709497206704 0.0057971014492753615
2 0.5634078212290503 0.5365942028985506 0.010614525139664805 0.003623188405797101
2 0.7089385474860337 0.6384057971014493 0.06703910614525141 0.021739130434782608
2 0.48715083798882686 0.5677536231884057 0.027932960893854754 0.009420289855072463
2 0.5432960893854749 0.558695652173913 0.019553072625698328 0.008695652173913044
2 0.614245810055866 0.5815217391304347 0.019553072625698328 0.005072463768115942
2 0.7608938547486035 0.5702898550724638 0.016759776536312852 0.0057971014492753615
2 0.8067039106145253 0.5746376811594203 0.01787709497206704 0.0057971014492753615
2 0.5634078212290503 0.5365942028985506 0.010614525139664805 0.003623188405797101
