2 0.008659217877094973 0.6688405797101449 0.016201117318435758 0.010144927536231883
2 0.39525139664804476 0.7007246376811593 0.05195530726256984 0.014492753623188404
2 0.5636871508379889 0.6916666666666667 0.04804469273743017 0.018115942028985508
2 0.7117318435754191 0.6079710144927536 0.016759776536312852 0.0057971014492753615
2 0.9960893854748605 0.5880434782608694 0.0223463687150838 0.010869565217391304
2 0.8709497206703911 0.5822463768115942 0.014525139664804471 0.005072463768115942
2 0.008659217877094973 0.6688405797101449 0.016201117318435758 0.010144927536231883
2 0.39525139664804476 0.7007246376811593 0.05195530726256984 0.014492753623188404
2 0.5636871508379889 0.6916666666666667 0.04804469273743017 0.018115942028985508
2 0.7117318435754191 0.6079710144927536 0.016759776536312852 0.0057971014492753615
2 0.9960893854748605 0.5880434782608694 0.0223463687150838 0.010869565217391304
2 0.8709497206703911 0.5822463768115942 0.014525139664804471 0.005072463768115942
