2 0.06787709497206705 0.6641304347826087 0.06983240223463688 0.018115942028985508
2 0.20363128491620114 0.6264492753623189 0.050837988826815644 0.018115942028985508
2 0.2837988826815643 0.7079710144927536 0.09385474860335195 0.03043478260869565
2 0.5480446927374302 0.639855072463768 0.04134078212290503 0.013043478260869565
2 0.6868715083798883 0.6851449275362319 0.037430167597765365 0.023913043478260867
2 0.6731843575418994 0.6376811594202899 0.02681564245810056 0.011594202898550723
2 0.8231843575418994 0.6978260869565217 0.044134078212290505 0.020289855072463767
2 0.7826815642458101 0.6655797101449274 0.01899441340782123 0.010869565217391304
2 0.9385474860335196 0.5702898550724638 0.014525139664804471 0.0057971014492753615
2 0.7935754189944135 0.5884057971014492 0.011731843575418994 0.004347826086956522
2 0.06787709497206705 0.6641304347826087 0.06983240223463688 0.018115942028985508
2 0.20363128491620114 0.6264492753623189 0.050837988826815644 0.018115942028985508
2 0.2837988826815643 0.7079710144927536 0.09385474860335195 0.03043478260869565
2 0.5480446927374302 0.639855072463768 0.04134078212290503 0.013043478260869565
2 0.6868715083798883 0.6851449275362319 0.037430167597765365 0.023913043478260867
2 0.6731843575418994 0.6376811594202899 0.02681564245810056 0.011594202898550723
2 0.8231843575418994 0.6978260869565217 0.044134078212290505 0.020289855072463767
2 0.7826815642458101 0.6655797101449274 0.01899441340782123 0.010869565217391304
2 0.9385474860335196 0.5702898550724638 0.014525139664804471 0.0057971014492753615
2 0.7935754189944135 0.5884057971014492 0.011731843575418994 0.004347826086956522
