2 0.37513966480446936 0.6376811594202898 0.050837988826815644 0.023188405797101446
2 0.48743016759776536 0.6188405797101448 0.027374301675977656 0.007246376811594202
2 0.3391061452513967 0.6231884057971014 0.02122905027932961 0.008695652173913044
2 0.43491620111731844 0.6369565217391304 0.020670391061452516 0.008695652173913044
2 0.4773743016759777 0.6297101449275361 0.017318435754189947 0.0057971014492753615
2 0.37513966480446936 0.6376811594202898 0.050837988826815644 0.023188405797101446
2 0.48743016759776536 0.6188405797101448 0.027374301675977656 0.007246376811594202
2 0.3391061452513967 0.6231884057971014 0.02122905027932961 0.008695652173913044
2 0.43491620111731844 0.6369565217391304 0.020670391061452516 0.008695652173913044
2 0.4773743016759777 0.6297101449275361 0.017318435754189947 0.0057971014492753615
