2 0.2885474860335196 0.6206521739130435 0.09888268156424583 0.03115942028985507
2 0.5614525139664804 0.5818840579710145 0.06033519553072626 0.0536231884057971
2 0.5924581005586593 0.553623188405797 0.04078212290502793 0.015942028985507246
2 0.6153631284916201 0.5851449275362318 0.022905027932960897 0.013768115942028984
2 0.6254189944134079 0.608695652173913 0.05418994413407822 0.023188405797101446
2 0.637709497206704 0.5692028985507245 0.030726256983240226 0.013768115942028984
2 0.6796089385474862 0.5858695652173913 0.019553072625698328 0.007971014492753623
2 0.5488826815642459 0.5097826086956522 0.024022346368715086 0.009420289855072463
2 0.5547486033519553 0.5268115942028986 0.0223463687150838 0.008695652173913044
2 0.5273743016759777 0.4869565217391304 0.024581005586592184 0.007246376811594202
2 0.4245810055865922 0.5094202898550725 0.0446927374301676 0.011594202898550723
2 0.4472067039106146 0.4880434782608696 0.017318435754189947 0.005072463768115942
2 0.47932960893854754 0.46123188405797105 0.00782122905027933 0.003623188405797101
