2 0.3273743016759777 0.6050724637681159 0.06927374301675979 0.027536231884057967
2 0.30614525139664805 0.5869565217391304 0.03687150837988827 0.015942028985507246
2 0.3949720670391062 0.5344202898550724 0.029050279329608943 0.013768115942028984
2 0.525977653631285 0.5431159420289855 0.049720670391061456 0.015217391304347825
2 0.6011173184357543 0.5793478260869566 0.03463687150837989 0.015217391304347825
2 0.6533519553072626 0.5880434782608694 0.025139664804469275 0.015217391304347825
2 0.3935754189944134 0.5347826086956522 0.028491620111731845 0.011594202898550723
2 0.4145251396648045 0.5036231884057971 0.02346368715083799 0.011594202898550723
2 0.43547486033519556 0.4858695652173913 0.017318435754189947 0.003623188405797101
2 0.4589385474860335 0.47789855072463766 0.019553072625698328 0.005072463768115942
2 0.4709497206703912 0.46702898550724636 0.0111731843575419 0.003623188405797101
