2 0.3662011173184358 0.5554347826086956 0.0452513966480447 0.015217391304347825
2 0.4103351955307263 0.5181159420289855 0.049720670391061456 0.015942028985507246
2 0.5692737430167598 0.5615942028985507 0.09497206703910616 0.034782608695652174
2 0.649441340782123 0.567391304347826 0.04748603351955308 0.018840579710144925
2 0.7120111731843577 0.5833333333333333 0.05865921787709498 0.03043478260869565
2 0.6125698324022347 0.5231884057971015 0.04301675977653632 0.018840579710144925
2 0.5701117318435756 0.5119565217391304 0.029608938547486034 0.012318840579710146
2 0.5810055865921788 0.4971014492753624 0.01340782122905028 0.0057971014492753615
2 0.4575418994413408 0.4789855072463768 0.016759776536312852 0.004347826086956522
2 0.4678770949720671 0.4684782608695652 0.011731843575418994 0.005072463768115942
2 0.4787709497206704 0.45905797101449275 0.00446927374301676 0.002173913043478261
2 0.48743016759776536 0.4532608695652174 0.006145251396648046 0.002173913043478261
