2 0.7290502793296091 0.5760869565217391 0.05698324022346369 0.03333333333333333
2 0.4189944134078213 0.5989130434782608 0.04804469273743017 0.034057971014492754
2 0.49944134078212304 0.5974637681159419 0.03575418994413408 0.015217391304347825
2 0.4849162011173185 0.5431159420289855 0.03016759776536313 0.012318840579710146
2 0.4743016759776537 0.5206521739130434 0.0223463687150838 0.009420289855072463
2 0.5153631284916202 0.5188405797101449 0.038547486033519554 0.010144927536231883
2 0.48379888268156424 0.5003623188405797 0.01899441340782123 0.007971014492753623
2 0.5189944134078213 0.4913043478260869 0.029050279329608943 0.007246376811594202
2 0.4734636871508381 0.48949275362318845 0.03519553072625699 0.007971014492753623
2 0.5918994413407822 0.48731884057971003 0.017318435754189947 0.006521739130434782
2 0.655027932960894 0.5072463768115942 0.024022346368715086 0.008695652173913044
