2 0.5134078212290503 0.5499999999999999 0.05698324022346369 0.018840579710144925
2 0.35307262569832404 0.5431159420289855 0.05586592178770951 0.023913043478260867
2 0.40335195530726264 0.5155797101449275 0.02681564245810056 0.009420289855072463
2 0.5312849162011174 0.5068840579710144 0.03575418994413408 0.012318840579710146
2 0.5639664804469274 0.5036231884057971 0.013966480446927377 0.007246376811594202
2 0.5715083798882682 0.49528985507246376 0.02122905027932961 0.005072463768115942
2 0.5377094972067039 0.4855072463768116 0.026256983240223467 0.0057971014492753615
2 0.5614525139664805 0.4786231884057971 0.01564245810055866 0.006521739130434782
2 0.5349162011173185 0.4731884057971015 0.015083798882681566 0.0057971014492753615
2 0.4840782122905028 0.469927536231884 0.013966480446927377 0.005072463768115942
