2 0.5106145251396649 0.5858695652173913 0.014525139664804471 0.009420289855072463
2 0.5340782122905028 0.5641304347826087 0.02122905027932961 0.015217391304347825
2 0.5567039106145253 0.5503623188405796 0.03966480446927375 0.019565217391304346
2 0.5659217877094973 0.5851449275362318 0.033519553072625705 0.021014492753623184
2 0.6706703910614527 0.6014492753623188 0.024022346368715086 0.011594202898550723
2 0.5307262569832403 0.508695652173913 0.04022346368715084 0.010144927536231883
2 0.4279329608938548 0.5076086956521739 0.02346368715083799 0.007971014492753623
2 0.3963687150837989 0.547463768115942 0.044134078212290505 0.016666666666666666
2 0.3740223463687151 0.5380434782608695 0.026256983240223467 0.009420289855072463
2 0.47150837988826816 0.469927536231884 0.01564245810055866 0.005072463768115942
