2 0.31117318435754193 0.6028985507246376 0.06927374301675979 0.05942028985507246
2 0.5634078212290503 0.5963768115942029 0.07318435754189945 0.036231884057971016
2 0.6282122905027934 0.5873188405797101 0.028491620111731845 0.010869565217391304
2 0.6343575418994413 0.5557971014492753 0.03519553072625699 0.011594202898550723
2 0.4734636871508381 0.5434782608695652 0.0452513966480447 0.021739130434782608
2 0.5709497206703911 0.5242753623188405 0.04804469273743017 0.010869565217391304
2 0.6027932960893856 0.5126811594202898 0.02122905027932961 0.006521739130434782
2 0.6078212290502794 0.5057971014492754 0.01787709497206704 0.004347826086956522
2 0.5698324022346369 0.49746376811594195 0.03687150837988827 0.012318840579710146
2 0.4891061452513967 0.4873188405797102 0.026256983240223467 0.007971014492753623
