2 0.3944134078212291 0.6076086956521739 0.03575418994413408 0.021014492753623184
2 0.8444134078212292 0.5721014492753623 0.029608938547486034 0.015217391304347825
2 0.7980446927374303 0.592391304347826 0.04748603351955308 0.02536231884057971
2 0.7625698324022346 0.5963768115942029 0.06368715083798883 0.02898550724637681
2 0.7005586592178771 0.581159420289855 0.04022346368715084 0.014492753623188404
2 0.688268156424581 0.5666666666666667 0.03687150837988827 0.014492753623188404
2 0.6502793296089386 0.5445652173913044 0.09720670391061453 0.03115942028985507
2 0.7181564245810057 0.5503623188405797 0.04301675977653632 0.021014492753623184
2 0.7606145251396649 0.5278985507246376 0.030726256983240226 0.015217391304347825
2 0.6642458100558659 0.5047101449275362 0.02346368715083799 0.009420289855072463
2 0.446927374301676 0.5134057971014492 0.0223463687150838 0.010869565217391304
2 0.48100558659217885 0.48115942028985503 0.012290502793296092 0.004347826086956522
2 0.482122905027933 0.4768115942028985 0.012290502793296092 0.004347826086956522
2 0.5044692737430168 0.4626811594202898 0.00782122905027933 0.003623188405797101
