2 0.5379888268156425 0.6105072463768115 0.0446927374301676 0.012318840579710146
2 0.31061452513966487 0.5938405797101449 0.09385474860335195 0.04710144927536231
2 0.38826815642458096 0.5499999999999999 0.03463687150837989 0.014492753623188404
2 0.6030726256983241 0.5710144927536231 0.03966480446927375 0.017391304347826087
2 0.6011173184357542 0.5300724637681159 0.02011173184357542 0.007971014492753623
2 0.558659217877095 0.5347826086956522 0.04692737430167598 0.018840579710144925
2 0.6089385474860336 0.5141304347826087 0.02346368715083799 0.006521739130434782
2 0.5650837988826816 0.4971014492753624 0.037430167597765365 0.008695652173913044
2 0.5893854748603352 0.4909420289855072 0.01564245810055866 0.005072463768115942
2 0.5946927374301677 0.48623188405797096 0.012849162011173186 0.004347826086956522
2 0.5642458100558659 0.48079710144927534 0.024581005586592184 0.006521739130434782
2 0.5011173184357542 0.4746376811594203 0.02011173184357542 0.004347826086956522
