2 0.2818435754189944 0.628623188405797 0.05865921787709498 0.013768115942028984
2 0.3712290502793296 0.5543478260869564 0.06201117318435755 0.02463768115942029
2 0.5402234636871509 0.576086956521739 0.033519553072625705 0.03768115942028985
2 0.5731843575418996 0.5952898550724638 0.039106145251396655 0.02681159420289855
2 0.6544692737430169 0.5753623188405796 0.0664804469273743 0.034782608695652174
2 0.5826815642458102 0.5489130434782609 0.05363128491620112 0.021014492753623184
2 0.5483240223463688 0.5293478260869565 0.03966480446927375 0.02681159420289855
2 0.6027932960893855 0.5239130434782608 0.01899441340782123 0.008695652173913044
2 0.5974860335195531 0.5068840579710144 0.011731843575418994 0.005072463768115942
2 0.5418994413407822 0.4913043478260869 0.014525139664804471 0.0057971014492753615
2 0.5234636871508381 0.47717391304347817 0.014525139664804471 0.005072463768115942
2 0.4581005586592179 0.4768115942028985 0.01564245810055866 0.004347826086956522
2 0.48435754189944136 0.4572463768115942 0.00670391061452514 0.0028985507246376808
