2 0.5974860335195531 0.5818840579710145 0.05977653631284917 0.06666666666666667
2 0.4103351955307263 0.5434782608695652 0.05530726256983241 0.017391304347826087
2 0.4128491620111733 0.5282608695652173 0.03575418994413408 0.011594202898550723
2 0.6184357541899442 0.5134057971014492 0.04022346368715084 0.018115942028985508
2 0.7019553072625698 0.5630434782608695 0.0340782122905028 0.018840579710144925
2 0.5553072625698324 0.511231884057971 0.039106145251396655 0.016666666666666666
2 0.5533519553072627 0.49492753623188407 0.037430167597765365 0.011594202898550723
2 0.4455307262569833 0.49601449275362314 0.027374301675977656 0.007971014492753623
2 0.4625698324022347 0.4815217391304347 0.02011173184357542 0.010869565217391304
2 0.4804469273743017 0.46304347826086956 0.01787709497206704 0.004347826086956522
