2 0.8921787709497209 0.6018115942028985 0.045810055865921795 0.02536231884057971
2 0.6712290502793297 0.5894927536231884 0.031843575418994415 0.016666666666666666
2 0.7170391061452513 0.6018115942028985 0.044134078212290505 0.013768115942028984
2 0.7354748603351956 0.5873188405797101 0.028491620111731845 0.012318840579710146
2 0.7276536312849162 0.5728260869565217 0.03519553072625699 0.010869565217391304
2 0.7293296089385476 0.5496376811594202 0.038547486033519554 0.015217391304347825
2 0.7536312849162011 0.5670289855072463 0.039106145251396655 0.016666666666666666
2 0.4717877094972068 0.5155797101449274 0.017318435754189947 0.006521739130434782
2 0.4717877094972067 0.4971014492753624 0.015083798882681566 0.0057971014492753615
2 0.5008379888268156 0.47391304347826085 0.009497206703910615 0.004347826086956522
2 0.46508379888268164 0.5039855072463767 0.013966480446927377 0.006521739130434782
