2 0.43463687150838 0.6043478260869565 0.21787709497206706 0.036231884057971016
2 0.22234636871508384 0.6065217391304347 0.0681564245810056 0.027536231884057967
2 0.32988826815642464 0.5753623188405796 0.0888268156424581 0.023188405797101446
2 0.47569832402234635 0.5405797101449276 0.06871508379888269 0.015942028985507246
2 0.5223463687150839 0.5503623188405797 0.03687150837988827 0.010869565217391304
2 0.6349162011173184 0.5909420289855072 0.029608938547486034 0.019565217391304346
2 0.8997206703910615 0.5898550724637681 0.05530726256983241 0.02463768115942029
2 0.9349162011173185 0.5543478260869564 0.04636871508379888 0.015942028985507246
2 0.6393854748603354 0.5101449275362319 0.038547486033519554 0.014492753623188404
2 0.7902234636871508 0.508695652173913 0.021787709497206705 0.007246376811594202
2 0.8097765363128493 0.49456521739130427 0.018435754189944135 0.006521739130434782
