2 0.825977653631285 0.5467391304347825 0.0329608938547486 0.012318840579710146
2 0.653631284916201 0.5159420289855072 0.03575418994413408 0.010144927536231883
2 0.6818435754189943 0.5090579710144927 0.019553072625698328 0.006521739130434782
2 0.7083798882681566 0.5054347826086956 0.03016759776536313 0.005072463768115942
2 0.6086592178770951 0.49746376811594206 0.009497206703910615 0.003623188405797101
2 0.5717877094972068 0.4793478260869565 0.026256983240223467 0.005072463768115942
2 0.8187150837988828 0.5467391304347825 0.044134078212290505 0.015217391304347825
2 0.6555865921787711 0.5163043478260869 0.0340782122905028 0.012318840579710146
2 0.6840782122905029 0.5097826086956522 0.025139664804469275 0.007971014492753623
2 0.7075418994413408 0.5047101449275362 0.026256983240223467 0.005072463768115942
2 0.6092178770949721 0.49710144927536226 0.010614525139664805 0.004347826086956522
2 0.5709497206703911 0.4793478260869565 0.02122905027932961 0.005072463768115942
