2 0.3620111731843576 0.601086956521739 0.0681564245810056 0.02681159420289855
2 0.22597765363128494 0.5992753623188405 0.08100558659217877 0.03188405797101449
2 0.45558659217877095 0.5688405797101449 0.06312849162011173 0.021739130434782608
2 0.5324022346368715 0.5521739130434782 0.09832402234636874 0.03043478260869565
2 0.4617318435754191 0.5514492753623188 0.03966480446927375 0.014492753623188404
2 0.42932960893854755 0.5351449275362318 0.05754189944134079 0.013768115942028984
2 0.5215083798882681 0.5159420289855071 0.030726256983240226 0.008695652173913044
2 0.5684357541899442 0.5213768115942029 0.0340782122905028 0.007971014492753623
2 0.6659217877094973 0.49565217391304345 0.03128491620111732 0.010144927536231883
2 0.8575418994413408 0.5474637681159419 0.04134078212290503 0.021014492753623184
2 0.90195530726257 0.5289855072463768 0.04078212290502793 0.014492753623188404
2 0.9279329608938548 0.6054347826086957 0.08268156424581007 0.02536231884057971
2 0.8175977653631286 0.48623188405797096 0.015083798882681566 0.0057971014492753615
2 0.7955307262569833 0.49565217391304345 0.02122905027932961 0.0057971014492753615
