2 0.7449720670391062 0.7021739130434782 0.0664804469273743 0.036231884057971016
2 0.6178770949720671 0.6391304347826086 0.051396648044692746 0.020289855072463767
2 0.6340782122905029 0.5778985507246376 0.02122905027932961 0.009420289855072463
2 0.6256983240223465 0.5869565217391304 0.02122905027932961 0.0057971014492753615
2 0.5156424581005588 0.6217391304347827 0.02346368715083799 0.008695652173913044
2 0.7449720670391062 0.7021739130434782 0.0664804469273743 0.036231884057971016
2 0.6178770949720671 0.6391304347826086 0.051396648044692746 0.020289855072463767
2 0.6340782122905029 0.5778985507246376 0.02122905027932961 0.009420289855072463
2 0.6256983240223465 0.5869565217391304 0.02122905027932961 0.0057971014492753615
2 0.5156424581005588 0.6217391304347827 0.02346368715083799 0.008695652173913044
