2 0.6555865921787711 0.6206521739130435 0.021787709497206705 0.009420289855072463
2 0.5930167597765362 0.6177536231884057 0.05754189944134079 0.016666666666666666
2 0.6058659217877096 0.5865942028985507 0.016201117318435758 0.005072463768115942
2 0.6231843575418996 0.5757246376811593 0.020670391061452516 0.007971014492753623
2 0.6094972067039107 0.5499999999999999 0.00893854748603352 0.004347826086956522
2 0.6555865921787711 0.6206521739130435 0.021787709497206705 0.009420289855072463
2 0.5930167597765362 0.6177536231884057 0.05754189944134079 0.016666666666666666
2 0.6058659217877096 0.5865942028985507 0.016201117318435758 0.005072463768115942
2 0.6231843575418996 0.5757246376811593 0.020670391061452516 0.007971014492753623
2 0.6094972067039107 0.5499999999999999 0.00893854748603352 0.004347826086956522
